theta_history_length = 16
iteration = 15

[theta]
sigma = 1.4973204059308782
alpha2 = -0.059107546542038966
alpha1 = 0.2854650596518631
alpha3 = 0.008070585348453297
alpha0 = 0.2724946769416561
