theta_history_length = 3
iteration = 2

[theta]
sigma = 1.101350505157728
alpha2 = 0.0004644341902601953
alpha1 = 0.35670914244729834
alpha3 = -0.0005071257879264168
alpha0 = 0.24154732125286185
