theta_history_length = 26
iteration = 25

[theta]
sigma = 1.082038120628413
alpha2 = -0.07001305497687506
alpha1 = 0.5251108905833693
alpha3 = 0.003706430164713817
alpha0 = 0.4767165823781185
