theta_history_length = 5
iteration = 4

[theta]
sigma = 1.2560025803603976
alpha2 = 0.0038936481509738597
alpha1 = 0.36113833892014546
alpha3 = -0.0006596659617935097
alpha0 = 0.2538226166299284
