theta_history_length = 5
iteration = 4

[theta]
sigma = 1.0359301191171504
alpha2 = 0.001929975301890129
alpha1 = 0.32764355520929567
alpha3 = -0.0005905686266984757
alpha0 = 0.26128788539150627
