theta_history_length = 9
iteration = 8

[theta]
sigma = 1.9157154288602343
alpha2 = -0.11675140021176258
alpha1 = 1.6515649817929423
alpha3 = 0.002051603171026576
alpha0 = 1.7582134381219312
