theta_history_length = 8
iteration = 7

[theta]
sigma = 1.0565336971912023
alpha2 = -0.0010979753546155795
alpha1 = 0.32041477262633655
alpha3 = -0.0004052820654242485
alpha0 = 0.20425976859012804
