primary_method_requested = "unet"
observable_residual_primary = 1.1617300201068654
primary_method = "unet"
convergence_metric_primary = 0.0
iteration = 23
inactive_methods = []
theta_primary = [2.2308240202976775, 1.564400066130469, -0.10617412190949879, 0.0007837489297303581, 2.1487186190199465]

[per_method.unet]
relative_step = 0.0
observable_residual = 1.1617300201068654
observable_residual_unweighted = 1.1617300201068654
train_data_path = "/home/ludogio/Documents/JuliaProjects/ScoreUNet1D.jl/scripts/arnold/runs_calibration/run_030/method_unet/iter_023/data/train_stochastic.hdf5"
gfdt_data_path = "/home/ludogio/Documents/JuliaProjects/ScoreUNet1D.jl/scripts/arnold/runs_calibration/run_030/method_unet/iter_023/data/gfdt_stochastic.hdf5"
jacobian_cond_active_free = 357287.1886165712
checkpoint_path = "/home/ludogio/Documents/JuliaProjects/ScoreUNet1D.jl/scripts/arnold/runs_calibration/run_030/method_unet/iter_023/model/final_checkpoint.bson"
theta_before = [2.2308240202976775, 1.564400066130469, -0.10617412190949879, 0.0007837489297303581, 2.1487186190199465]
theta_proposed = [2.2308240202976775, 1.564400066130469, -0.10617412190949879, 0.0007837489297303581, 2.1487186190199465]
delta_theta = [0.0, 0.0, 0.0, 0.0, 0.0]

    [per_method.unet.newton]
    raw_cond = 1.8184050791305035e10
    raw_rhs_norm = 3171.6789879681496
    weight_matrix_mode = "identity"
    residual_before = 0.7804500409936466
    stability_accepted = false
    line_search_accepted = false
    free_parameters = [1, 2, 3, 4, 5]
    line_search_scale = 0.0
    applied_step = [0.0, 0.0, 0.0, 0.0, 0.0]
    residual_before_unweighted = 0.7804500409936466
    residual_after = 0.7804500409936466
    line_search_used = true
    stability_checked = false
    active_observables = [1, 2, 3, 4, 5]
    correction_full = [-1.6752124924532505, -0.12922367542116014, 0.1315769964817666, -0.008313613319689502, 1.215095085582394]
