theta_history_length = 5
iteration = 4

[theta]
sigma = 1.6534878720104083
alpha2 = -0.08986719102361812
alpha1 = 1.682867448271334
alpha3 = -0.0004487771429599139
alpha0 = 1.4552426429336691
