free_parameters = [1, 2, 3, 4]
iterations = 10
run_dir = "/home/ludogio/Documents/JuliaProjects/ScoreUNet1D.jl/scripts/arnold/runs_calibration/run_029"
converged = false
convergence_metric = 0.0
obs_residual_primary = 0.7634042995129241
active_observables = [1, 2, 3, 4]

[final_theta]
sigma = 2.75
alpha2 = -0.18218065230712754
alpha1 = 1.8490523155453593
alpha3 = 0.0051013467936481234
alpha0 = 2.6951676285065904

[methods]
primary = "unet"
unet = true
finite_difference = false
gaussian = false

[target_observables]
phi3_mean_x_xp1 = 14.572647810292917
phi4_mean_x_xp2 = 2.242197787908684
phi2_mean_x2 = 40.28824270992613
phi1_mean_x = 3.7713681692523604
