theta_history_length = 16
iteration = 15

[theta]
sigma = 1.2481066955525424
alpha2 = -0.01375838996339165
alpha1 = 0.4142020641168148
alpha3 = 0.0002311352393228094
alpha0 = 0.036183138142841076
