theta_history_length = 5
iteration = 4

[theta]
sigma = 1.0912539369391772
alpha2 = 0.007873663625516954
alpha1 = 0.34881311525663566
alpha3 = -0.0009671257093836465
alpha0 = 0.1920674548275899
