primary_method_requested = "unet"
observable_residual_primary = 1.3055801665944293
primary_method = "unet"
convergence_metric_primary = 0.08720237071041032
iteration = 21
inactive_methods = []
theta_primary = [2.2308240202976775, 1.564400066130469, -0.10617412190949879, 0.0007837489297303581, 2.1487186190199465]

[per_method.unet]
relative_step = 0.08720237071041032
observable_residual = 1.3055801665944293
observable_residual_unweighted = 1.3055801665944293
train_data_path = "/home/ludogio/Documents/JuliaProjects/ScoreUNet1D.jl/scripts/arnold/runs_calibration/run_030/method_unet/iter_021/data/train_stochastic.hdf5"
gfdt_data_path = "/home/ludogio/Documents/JuliaProjects/ScoreUNet1D.jl/scripts/arnold/runs_calibration/run_030/method_unet/iter_021/data/gfdt_stochastic.hdf5"
jacobian_cond_active_free = 156638.37967138476
checkpoint_path = "/home/ludogio/Documents/JuliaProjects/ScoreUNet1D.jl/scripts/arnold/runs_calibration/run_030/method_unet/iter_021/model/final_checkpoint.bson"
theta_before = [2.0003591623500414, 1.574660233675996, -0.09609111461729579, 0.00014947729681572507, 2.3444901848874693]
theta_proposed = [2.2308240202976775, 1.564400066130469, -0.10617412190949879, 0.0007837489297303581, 2.1487186190199465]
delta_theta = [-0.23046485794763585, 0.010260167545527167, 0.010083007292202996, -0.0006342716329146331, 0.19577156586752267]

    [per_method.unet.newton]
    raw_cond = 1.0510306906544043e10
    raw_rhs_norm = 4017.9742705825647
    weight_matrix_mode = "identity"
    residual_before = 1.148479058280249
    stability_accepted = true
    line_search_accepted = true
    free_parameters = [1, 2, 3, 4, 5]
    line_search_scale = 0.125
    applied_step = [-0.23046485794763585, 0.010260167545527167, 0.010083007292202996, -0.0006342716329146331, 0.19577156586752267]
    residual_before_unweighted = 1.148479058280249
    residual_after = 0.9720246493884531
    line_search_used = true
    stability_checked = true
    active_observables = [1, 2, 3, 4, 5]
    correction_full = [-1.8437188635810868, 0.08208134036421734, 0.08066405833762397, -0.005074173063317065, 1.5661725269401814]
