theta_history_length = 17
iteration = 16

[theta]
sigma = 1.4621522625571284
alpha2 = -0.00994099990500232
alpha1 = 0.40876652340968594
alpha3 = 9.246842038393386e-5
alpha0 = 0.014897279963763799
