theta_history_length = 18
iteration = 17

[theta]
sigma = 1.1535751402205026
alpha2 = -0.04384612763903443
alpha1 = 0.5271092403712553
alpha3 = 0.0013397873430631062
alpha0 = 0.187582358021102
