theta_history_length = 8
iteration = 7

[theta]
sigma = 1.0359301191171504
alpha2 = 0.00105076812099694
alpha1 = 0.32261809085715976
alpha3 = -0.0004559276086152618
alpha0 = 0.302501815533757
