theta_history_length = 19
iteration = 18

[theta]
sigma = 0.9329872990005728
alpha2 = -0.07465251312051766
alpha1 = 0.36789000600859795
alpha3 = 0.007738274402970749
alpha0 = 0.37124873628808647
