theta_history_length = 2
iteration = 1

[theta]
sigma = 3.677085042926028
alpha2 = -0.03085615818135784
alpha1 = 1.3805483645271526
alpha3 = -0.0013340597407250688
alpha0 = 0.8376725311220907
