theta_history_length = 4
iteration = 3

[theta]
sigma = 2.700787149997489
alpha2 = -0.038504804612988476
alpha1 = 1.592229309890397
alpha3 = -0.0021086936997274652
alpha0 = 0.4478505360723494
