theta_history_length = 26
iteration = 25

[theta]
sigma = 1.214333724269591
alpha2 = -0.01877644016007175
alpha1 = 0.3985103837679474
alpha3 = 0.0009601853826755134
alpha0 = 0.1611191944219704
