theta_history_length = 2
iteration = 1

[theta]
sigma = 2.75
alpha2 = -0.37177527372885366
alpha1 = 1.6885879764881138
alpha3 = 0.020952299733880117
alpha0 = 5.220097795291386
