theta_history_length = 6
iteration = 5

[theta]
sigma = 1.2630217804405794
alpha2 = -0.006357080338075503
alpha1 = 0.4176672586858908
alpha3 = -0.00043338671663404335
alpha0 = -0.03360973067247516
