theta_history_length = 2
iteration = 1

[theta]
sigma = 0.8896447504669209
alpha2 = -0.008118878316957793
alpha1 = 0.3830011707774492
alpha3 = 0.0003587668453088962
alpha0 = 0.04600063394130026
