theta_history_length = 20
iteration = 19

[theta]
sigma = 0.9072984082105836
alpha2 = -0.07747817176954541
alpha1 = 0.39179157912824414
alpha3 = 0.0074164950811161715
alpha0 = 0.41166995537163853
