primary_method_requested = "unet"
observable_residual_primary = 0.8207701680423873
primary_method = "unet"
convergence_metric_primary = 0.21383374623391832
iteration = 13
inactive_methods = []
theta_primary = [1.5203466514346347, 1.3373849842594148, -0.0663124993917511, 0.00013106785957136462, 1.8114837953988325]

[per_method.unet]
relative_step = 0.21383374623391832
observable_residual = 0.8207701680423873
observable_residual_unweighted = 0.8207701680423873
train_data_path = "/home/ludogio/Documents/JuliaProjects/ScoreUNet1D.jl/scripts/arnold/runs_calibration/run_030/method_unet/iter_013/data/train_stochastic.hdf5"
gfdt_data_path = "/home/ludogio/Documents/JuliaProjects/ScoreUNet1D.jl/scripts/arnold/runs_calibration/run_030/method_unet/iter_013/data/gfdt_stochastic.hdf5"
jacobian_cond_active_free = 286883.4441671205
checkpoint_path = "/home/ludogio/Documents/JuliaProjects/ScoreUNet1D.jl/scripts/arnold/runs_calibration/run_030/method_unet/iter_013/model/final_checkpoint.bson"
theta_before = [1.316493997601884, 1.3376081807791087, -0.06946546903243513, 0.0008921647841979492, 2.3556840545425537]
theta_proposed = [1.5203466514346347, 1.3373849842594148, -0.0663124993917511, 0.00013106785957136462, 1.8114837953988325]
delta_theta = [-0.20385265383275084, 0.00022319651969401818, -0.0031529696406840248, 0.0007610969246265846, 0.544200259143721]

    [per_method.unet.newton]
    raw_cond = 7.211508832693758e9
    raw_rhs_norm = 87.76976410436144
    weight_matrix_mode = "identity"
    residual_before = 0.9723571273101033
    stability_accepted = true
    line_search_accepted = true
    free_parameters = [1, 2, 3, 4, 5]
    line_search_scale = 0.125
    applied_step = [-0.20385265383275084, 0.00022319651969401818, -0.0031529696406840248, 0.0007610969246265846, 0.544200259143721]
    residual_before_unweighted = 0.9723571273101033
    residual_after = 0.5665529539866958
    line_search_used = true
    stability_checked = true
    active_observables = [1, 2, 3, 4, 5]
    correction_full = [-1.6308212306620067, 0.0017855721575521454, -0.025223757125472198, 0.0060887753970126765, 4.353602073149768]
