theta_history_length = 4
iteration = 3

[theta]
sigma = 1.147831786603257
alpha2 = -0.003566196555492766
alpha1 = 0.38050210187035965
alpha3 = -0.0009375837175906059
alpha0 = 0.011630933480964396
