theta_history_length = 3
iteration = 2

[theta]
sigma = 2.2884294304145487
alpha2 = -0.7863350904355101
alpha1 = 2.4362860616374933
alpha3 = 0.0471813735259214
alpha0 = 8.777231128141638
