theta_history_length = 10
iteration = 9

[theta]
sigma = 1.0359301191171504
alpha2 = 0.0017171672106598972
alpha1 = 0.31443290598243495
alpha3 = -0.00030036490549758236
alpha0 = 0.26914163730369
