theta_history_length = 18
iteration = 17

[theta]
sigma = 2.0858257833567366
alpha2 = -0.17495830811091667
alpha1 = 1.658122093528779
alpha3 = 0.005313440439865928
alpha0 = 2.932191528744533
