theta_history_length = 9
iteration = 8

[theta]
sigma = 2.75
alpha2 = -0.10757687687486372
alpha1 = 1.764079270039001
alpha3 = 0.0007404507914502275
alpha0 = 1.560105999087764
