theta_history_length = 3
iteration = 2

[theta]
sigma = 0.9088214760949099
alpha2 = -0.015370555703171113
alpha1 = 0.26456475754585573
alpha3 = 0.0019521143860511373
alpha0 = 0.25406078010804745
