primary_method_requested = "unet"
observable_residual_primary = 1.2630888668997697
primary_method = "unet"
convergence_metric_primary = 0.0
iteration = 19
inactive_methods = []
theta_primary = [2.0003591623500414, 1.574660233675996, -0.09609111461729579, 0.00014947729681572507, 2.3444901848874693]

[per_method.unet]
relative_step = 0.0
observable_residual = 1.2630888668997697
observable_residual_unweighted = 1.2630888668997697
train_data_path = "/home/ludogio/Documents/JuliaProjects/ScoreUNet1D.jl/scripts/arnold/runs_calibration/run_030/method_unet/iter_019/data/train_stochastic.hdf5"
gfdt_data_path = "/home/ludogio/Documents/JuliaProjects/ScoreUNet1D.jl/scripts/arnold/runs_calibration/run_030/method_unet/iter_019/data/gfdt_stochastic.hdf5"
jacobian_cond_active_free = 585358.6569384672
checkpoint_path = "/home/ludogio/Documents/JuliaProjects/ScoreUNet1D.jl/scripts/arnold/runs_calibration/run_030/method_unet/iter_019/model/final_checkpoint.bson"
theta_before = [2.0003591623500414, 1.574660233675996, -0.09609111461729579, 0.00014947729681572507, 2.3444901848874693]
theta_proposed = [2.0003591623500414, 1.574660233675996, -0.09609111461729579, 0.00014947729681572507, 2.3444901848874693]
delta_theta = [0.0, 0.0, 0.0, 0.0, 0.0]

    [per_method.unet.newton]
    raw_cond = 2.1403415670906574e10
    raw_rhs_norm = 3215.4920546175895
    weight_matrix_mode = "identity"
    residual_before = 0.9376212617718859
    stability_accepted = false
    line_search_accepted = false
    free_parameters = [1, 2, 3, 4, 5]
    line_search_scale = 0.0
    applied_step = [0.0, 0.0, 0.0, 0.0, 0.0]
    residual_before_unweighted = 0.9376212617718859
    residual_after = 0.9376212617718859
    line_search_used = true
    stability_checked = false
    active_observables = [1, 2, 3, 4, 5]
    correction_full = [-0.4254758939103014, 0.017120932592191634, -0.03769187968629854, 0.004064200055092229, 3.2830358684503316]
