theta_history_length = 20
iteration = 19

[theta]
sigma = 2.3444901848874693
alpha2 = -0.09609111461729579
alpha1 = 1.574660233675996
alpha3 = 0.00014947729681572507
alpha0 = 2.0003591623500414
