theta_history_length = 8
iteration = 7

[theta]
sigma = 1.3142123255741052
alpha2 = -0.004105595106599331
alpha1 = 0.39408185589715666
alpha3 = -0.0003377142338601263
alpha0 = -0.0069503375890086335
