theta_history_length = 20
iteration = 19

[theta]
sigma = 1.3340822924351197
alpha2 = -0.01724577392066275
alpha1 = 0.41109284160255616
alpha3 = 0.0006985451072315115
alpha0 = 0.0822331591243543
