theta_history_length = 7
iteration = 6

[theta]
sigma = 1.2251774269943188
alpha2 = -0.00047010370957985194
alpha1 = 0.34643412041437693
alpha3 = -0.0001455870894958725
alpha0 = 0.19762851320145466
