theta_history_length = 23
iteration = 22

[theta]
sigma = 1.051309318548319
alpha2 = -0.03486308787904717
alpha1 = 0.581467747608369
alpha3 = -0.0012439297726723974
alpha0 = 0.3163182171415359
