primary_method_requested = "unet"
observable_residual_primary = 1.9169253842277556
primary_method = "unet"
convergence_metric_primary = 0.3533247870245116
iteration = 26
inactive_methods = []
theta_primary = [4.162477259921841, 1.6941791624625757, -0.24804307367310557, 0.009442964283740207, 0.7807933402953435]

[per_method.unet]
relative_step = 0.3533247870245116
observable_residual = 1.9169253842277556
observable_residual_unweighted = 1.9169253842277558
train_data_path = "/home/ludogio/Documents/JuliaProjects/ScoreUNet1D.jl/scripts/arnold/runs_calibration/run_030/method_unet/iter_026/data/train_stochastic.hdf5"
gfdt_data_path = "/home/ludogio/Documents/JuliaProjects/ScoreUNet1D.jl/scripts/arnold/runs_calibration/run_030/method_unet/iter_026/data/gfdt_stochastic.hdf5"
jacobian_cond_active_free = 1.0905390164901856e6
checkpoint_path = "/home/ludogio/Documents/JuliaProjects/ScoreUNet1D.jl/scripts/arnold/runs_calibration/run_030/method_unet/iter_026/model/final_checkpoint.bson"
theta_before = [2.9710053463398594, 1.6018588621265124, -0.15461509026188444, 0.00369300027794425, 1.8616271709419818]
theta_proposed = [4.162477259921841, 1.6941791624625757, -0.24804307367310557, 0.009442964283740207, 0.7807933402953435]
delta_theta = [-1.191471913581982, -0.09232030033606328, 0.09342798341122113, -0.005749964005795956, 1.0808338306466383]

    [per_method.unet.newton]
    raw_cond = 1.729452780303816e10
    raw_rhs_norm = 6747.563896125049
    weight_matrix_mode = "identity"
    residual_before = 1.6885044341351347
    stability_accepted = true
    line_search_accepted = true
    free_parameters = [1, 2, 3, 4, 5]
    line_search_scale = 1.0
    applied_step = [-1.191471913581982, -0.09232030033606328, 0.09342798341122113, -0.005749964005795956, 1.0808338306466383]
    residual_before_unweighted = 1.6885044341351347
    residual_after = 1.5572297844240943
    line_search_used = true
    stability_checked = true
    active_observables = [1, 2, 3, 4, 5]
    correction_full = [-1.191471913581982, -0.09232030033606328, 0.09342798341122113, -0.005749964005795956, 1.0808338306466383]
