theta_history_length = 27
iteration = 26

[theta]
sigma = 0.7807933402953435
alpha2 = -0.24804307367310557
alpha1 = 1.6941791624625757
alpha3 = 0.009442964283740207
alpha0 = 4.162477259921841
