theta_history_length = 10
iteration = 9

[theta]
sigma = 1.034889257378595
alpha2 = -0.007722028863812784
alpha1 = 0.3130379979577317
alpha3 = 0.0010462102547435861
alpha0 = 0.09925146227710016
