theta_history_length = 2
iteration = 1

[theta]
sigma = 0.9581447873696363
alpha2 = -0.0018459976924109387
alpha1 = 0.379821044113333
alpha3 = -0.0004464595388711909
alpha0 = 0.33391033760591615
