theta_history_length = 4
iteration = 3

[theta]
sigma = 1.1387642916429999
alpha2 = -0.007943488552090731
alpha1 = 0.4046883459683156
alpha3 = -0.0011484590956683267
alpha0 = 0.15173712869951994
