theta_history_length = 2
iteration = 1

[theta]
sigma = 1.0359301191171504
alpha2 = -0.008426766431124878
alpha1 = 0.39447150979547196
alpha3 = -0.0016716747838000485
alpha0 = 0.14937746851445197
