theta_history_length = 5
iteration = 4

[theta]
sigma = 0.9288340913119819
alpha2 = 0.017862973283249196
alpha1 = 0.4215048381424438
alpha3 = -0.0037417055060271556
alpha0 = -0.05993494416838897
