theta_history_length = 2
iteration = 1

[theta]
sigma = 1.016012341269969
alpha2 = 0.029548029853626045
alpha1 = 0.6062551485176552
alpha3 = -0.006954867529560295
alpha0 = -0.23965122217867588
