theta_history_length = 3
iteration = 2

[theta]
sigma = 1.1047864087124257
alpha2 = 0.0027737527328483
alpha1 = 0.3653719652072146
alpha3 = -0.0006220633979206298
alpha0 = 0.29511734724489
