theta_history_length = 2
iteration = 1

[theta]
sigma = 0.9706770395816112
alpha2 = -0.0011797862449224993
alpha1 = 0.43884680181060703
alpha3 = -0.0013801079814609266
alpha0 = -0.14370392724643075
