theta_history_length = 7
iteration = 6

[theta]
sigma = 1.0359301191171504
alpha2 = 0.0013178420700117462
alpha1 = 0.3360033413611846
alpha3 = -0.0006562744643997148
alpha0 = 0.2573016549880081
