theta_history_length = 6
iteration = 5

[theta]
sigma = 1.043400896530147
alpha2 = 0.015479765502519702
alpha1 = 0.32586424081984383
alpha3 = -0.0013696738795797739
alpha0 = -0.15790443476696722
