theta_history_length = 3
iteration = 2

[theta]
sigma = 0.8857007739003258
alpha2 = -0.0006791584468919848
alpha1 = 0.38251866331288054
alpha3 = -0.0007650740646239749
alpha0 = 0.2822708949913356
