theta_history_length = 2
iteration = 1

[theta]
sigma = 0.9121506275768879
alpha2 = -0.0019198153394043831
alpha1 = 0.393224716331912
alpha3 = -0.0009617934132407476
alpha0 = 0.07001919329034638
