theta_history_length = 9
iteration = 8

[theta]
sigma = 1.2000042324924203
alpha2 = 0.002337265579595978
alpha1 = 0.36466278302083566
alpha3 = -0.0005871510969789025
alpha0 = 0.2518425076679777
