theta_history_length = 8
iteration = 7

[theta]
sigma = 1.230266385437785
alpha2 = -0.06634418276446538
alpha1 = 1.4144052525946387
alpha3 = -0.00029075454755359085
alpha0 = 1.3858682890679592
