theta_history_length = 14
iteration = 13

[theta]
sigma = 1.2235092084685302
alpha2 = -0.005310835647800349
alpha1 = 0.3917181002735921
alpha3 = -0.00029078270292270497
alpha0 = 0.031241726323306004
