theta_history_length = 21
iteration = 20

[theta]
sigma = 1.2177767679802318
alpha2 = -0.01851631803474936
alpha1 = 0.41271311314714904
alpha3 = 0.0007437478732061107
alpha0 = 0.12441058229467702
