theta_history_length = 4
iteration = 3

[theta]
sigma = 1.0359301191171504
alpha2 = -0.006278415286000307
alpha1 = 0.35909542023614766
alpha3 = -0.0002856057338523457
alpha0 = 0.19627644574959832
