theta_history_length = 3
iteration = 2

[theta]
sigma = 2.739830144554152
alpha2 = -0.030954314997625992
alpha1 = 1.515549109261337
alpha3 = -0.0018276845225406206
alpha0 = 0.4773538473152877
