free_parameters = [1, 2, 3, 4]
iterations = 10
run_dir = "/home/ludogio/Documents/JuliaProjects/ScoreUNet1D.jl/scripts/arnold/runs_calibration/run_026"
converged = false
convergence_metric = 0.026545261780937024
obs_residual_primary = 1.1337911061743486
active_observables = [1, 2, 3, 4]

[final_theta]
sigma = 2.75
alpha2 = -0.12729219492067276
alpha1 = 1.7873397088153529
alpha3 = 0.001894088856388905
alpha0 = 1.8430730410252858

[methods]
primary = "unet"
unet = true
finite_difference = true
gaussian = true

[target_observables]
phi3_mean_x_xp1 = 14.572647810292917
phi4_mean_x_xp2 = 2.242197787908684
phi2_mean_x2 = 40.28824270992613
phi1_mean_x = 3.7713681692523604
