theta_history_length = 5
iteration = 4

[theta]
sigma = 1.0600295449484367
alpha2 = 0.0009514125213819347
alpha1 = 0.3950375983590457
alpha3 = -0.0009507887626453376
alpha0 = 0.2532675020628162
