theta_history_length = 7
iteration = 6

[theta]
sigma = 1.186430880517575
alpha2 = -0.004595901865102495
alpha1 = 0.35842217555828976
alpha3 = 0.0001571425865579993
alpha0 = -0.030535218420353727
