theta_history_length = 21
iteration = 20

[theta]
sigma = 1.0270091549916471
alpha2 = -0.03448614375828926
alpha1 = 0.5689903753142023
alpha3 = -0.0007362963400600092
alpha0 = 0.20949385846838112
