theta_history_length = 2
iteration = 1

[theta]
sigma = 0.9640212552354797
alpha2 = -0.0102200285687378
alpha1 = 0.418008159113551
alpha3 = -0.000985320235899417
alpha0 = 0.09809496903637249
