theta_history_length = 3
iteration = 2

[theta]
sigma = 2.646406246596105
alpha2 = -0.010938629112109419
alpha1 = 1.4552962311997617
alpha3 = -0.0027754892994696174
alpha0 = 0.37079834198436246
