theta_history_length = 6
iteration = 5

[theta]
sigma = 2.0937719877454155
alpha2 = -0.10668276887516862
alpha1 = 1.6557260767346118
alpha3 = 0.0016076396410276274
alpha0 = 1.5426355307330657
