theta_history_length = 11
iteration = 10

[theta]
sigma = 1.0273833159307202
alpha2 = 0.001986261135289399
alpha1 = 0.4335752613311554
alpha3 = -0.0018904351570235816
alpha0 = -0.06030097449550331
