theta_history_length = 9
iteration = 8

[theta]
sigma = 1.0727664640360082
alpha2 = 0.007882669002387706
alpha1 = 0.5269374851480936
alpha3 = -0.004499074385937838
alpha0 = -0.01419045119117476
