theta_history_length = 6
iteration = 5

[theta]
sigma = 1.0359301191171504
alpha2 = -0.008698534533888762
alpha1 = 0.3569462561672829
alpha3 = -2.5317390236455592e-5
alpha0 = 0.22101518417244376
