theta_history_length = 2
iteration = 1

[theta]
sigma = 0.9643946655048168
alpha2 = -0.008513845420549615
alpha1 = 0.5043068364517589
alpha3 = -0.0030619100345390168
alpha0 = 0.27239006255535164
