primary_method_requested = "unet"
observable_residual_primary = 1.100316069371107
primary_method = "unet"
convergence_metric_primary = 0.0
iteration = 16
inactive_methods = []
theta_primary = [1.973961490421254, 1.3469407747292466, -0.09170071610460123, 0.0017377493892833471, 2.4494172297008068]

[per_method.unet]
relative_step = 0.0
observable_residual = 1.100316069371107
observable_residual_unweighted = 1.100316069371107
train_data_path = "/home/ludogio/Documents/JuliaProjects/ScoreUNet1D.jl/scripts/arnold/runs_calibration/run_030/method_unet/iter_016/data/train_stochastic.hdf5"
gfdt_data_path = "/home/ludogio/Documents/JuliaProjects/ScoreUNet1D.jl/scripts/arnold/runs_calibration/run_030/method_unet/iter_016/data/gfdt_stochastic.hdf5"
jacobian_cond_active_free = 345575.6786812554
checkpoint_path = "/home/ludogio/Documents/JuliaProjects/ScoreUNet1D.jl/scripts/arnold/runs_calibration/run_030/method_unet/iter_016/model/final_checkpoint.bson"
theta_before = [1.973961490421254, 1.3469407747292466, -0.09170071610460123, 0.0017377493892833471, 2.4494172297008068]
theta_proposed = [1.973961490421254, 1.3469407747292466, -0.09170071610460123, 0.0017377493892833471, 2.4494172297008068]
delta_theta = [0.0, 0.0, 0.0, 0.0, 0.0]

    [per_method.unet.newton]
    raw_cond = 1.0687455358591793e10
    raw_rhs_norm = 2472.7262030374095
    weight_matrix_mode = "identity"
    residual_before = 1.0497279881963628
    stability_accepted = false
    line_search_accepted = false
    free_parameters = [1, 2, 3, 4, 5]
    line_search_scale = 0.0
    applied_step = [0.0, 0.0, 0.0, 0.0, 0.0]
    residual_before_unweighted = 1.0497279881963628
    residual_after = 1.0497279881963628
    line_search_used = true
    stability_checked = false
    active_observables = [1, 2, 3, 4, 5]
    correction_full = [-0.6354429659384434, -0.0989075857535188, -0.00029715098207175604, 0.002103492520463847, 1.329472835537019]
