theta_history_length = 17
iteration = 16

[theta]
sigma = 2.4494172297008068
alpha2 = -0.09170071610460123
alpha1 = 1.3469407747292466
alpha3 = 0.0017377493892833471
alpha0 = 1.973961490421254
