theta_history_length = 8
iteration = 7

[theta]
sigma = 1.0359301191171504
alpha2 = -0.011012288861240381
alpha1 = 0.3530585580134083
alpha3 = 0.0002553883600162212
alpha0 = 0.24865882001834733
