theta_history_length = 2
iteration = 1

[theta]
sigma = 2.6405936818164126
alpha2 = -0.04984032065565241
alpha1 = 1.5364207423181748
alpha3 = -0.0007527697708753344
alpha0 = 0.7843525351335099
