theta_history_length = 4
iteration = 3

[theta]
sigma = 0.9461680551676357
alpha2 = -0.0008239522634126764
alpha1 = 0.40743618025189854
alpha3 = -0.001326589748110816
alpha0 = 0.006649534490955511
