theta_history_length = 12
iteration = 11

[theta]
sigma = 1.3629984435498295
alpha2 = -0.005966205291335848
alpha1 = 0.2889800829797727
alpha3 = 0.0021570569386705103
alpha0 = -0.061207977879698394
