theta_history_length = 26
iteration = 25

[theta]
sigma = 1.1719151811099993
alpha2 = -0.030512577211196597
alpha1 = 0.6455430299368082
alpha3 = -0.0024611774837834163
alpha0 = 0.2672439583205981
