primary_method_requested = "unet"
observable_residual_primary = 1.9561942573259994
primary_method = "unet"
convergence_metric_primary = 0.05297433800117387
iteration = 28
inactive_methods = []
theta_primary = [4.1748391691645885, 1.670644792733638, -0.23605561785154522, 0.008467377707878273, 0.5423095879451454]

[per_method.unet]
relative_step = 0.05297433800117387
observable_residual = 1.9561942573259994
observable_residual_unweighted = 1.9561942573259996
train_data_path = "/home/ludogio/Documents/JuliaProjects/ScoreUNet1D.jl/scripts/arnold/runs_calibration/run_030/method_unet/iter_028/data/train_stochastic.hdf5"
gfdt_data_path = "/home/ludogio/Documents/JuliaProjects/ScoreUNet1D.jl/scripts/arnold/runs_calibration/run_030/method_unet/iter_028/data/gfdt_stochastic.hdf5"
jacobian_cond_active_free = 210202.2441714648
checkpoint_path = "/home/ludogio/Documents/JuliaProjects/ScoreUNet1D.jl/scripts/arnold/runs_calibration/run_030/method_unet/iter_028/model/final_checkpoint.bson"
theta_before = [4.162477259921841, 1.6941791624625757, -0.24804307367310557, 0.009442964283740207, 0.7807933402953435]
theta_proposed = [4.1748391691645885, 1.670644792733638, -0.23605561785154522, 0.008467377707878273, 0.5423095879451454]
delta_theta = [-0.01236190924274753, 0.023534369728937615, -0.011987455821560364, 0.0009755865758619328, 0.23848375235019817]

    [per_method.unet.newton]
    raw_cond = 1.0702540099083405e10
    raw_rhs_norm = 2389.3980562846405
    weight_matrix_mode = "identity"
    residual_before = 1.7939520283536758
    stability_accepted = true
    line_search_accepted = true
    free_parameters = [1, 2, 3, 4, 5]
    line_search_scale = 0.25
    applied_step = [-0.01236190924274753, 0.023534369728937615, -0.011987455821560364, 0.0009755865758619328, 0.23848375235019817]
    residual_before_unweighted = 1.7939520283536758
    residual_after = 1.6863849862119207
    line_search_used = true
    stability_checked = true
    active_observables = [1, 2, 3, 4, 5]
    correction_full = [-0.04944763697099012, 0.09413747891575046, -0.04794982328624146, 0.003902346303447731, 0.9539350094007927]
