theta_history_length = 29
iteration = 28

[theta]
sigma = 0.5423095879451454
alpha2 = -0.23605561785154522
alpha1 = 1.670644792733638
alpha3 = 0.008467377707878273
alpha0 = 4.1748391691645885
