theta_history_length = 23
iteration = 22

[theta]
sigma = 1.0671107469217314
alpha2 = -0.022695364134725136
alpha1 = 0.4215910057916372
alpha3 = 0.0007549311582058811
alpha0 = 0.1674227053843996
