theta_history_length = 14
iteration = 13

[theta]
sigma = 1.123683807885965
alpha2 = 0.020176232963243487
alpha1 = 0.39999101684332566
alpha3 = -0.0031170981092642196
alpha0 = -0.22020936731403065
