theta_history_length = 9
iteration = 8

[theta]
sigma = 1.1821066913931733
alpha2 = -0.008537918035409278
alpha1 = 0.4158958576315878
alpha3 = -0.0004906706968511344
alpha0 = 0.05993256984625893
