theta_history_length = 8
iteration = 7

[theta]
sigma = 0.6651463361158334
alpha2 = -1.4829914028671045
alpha1 = 5.0525515375645185
alpha3 = 0.13079156100096453
alpha0 = 1.3308192466303372
