free_parameters = [1, 2, 3, 4, 5]
iterations = 10
run_dir = "/home/ludogio/Documents/JuliaProjects/ScoreUNet1D.jl/scripts/arnold/runs_calibration/run_031"
converged = false
convergence_metric = 0.05076515583893442
obs_residual_primary = 0.36404438970509945
active_observables = [1, 2, 3, 4, 5]

[final_theta]
sigma = 3.559699368164393
alpha2 = -0.5424563728285181
alpha1 = 1.6632393936570211
alpha3 = 0.035003559476100746
alpha0 = 6.658247750128861

[methods]
primary = "unet"
unet = true
finite_difference = true
gaussian = true

[target_observables]
phi3_mean_x_xp1 = 14.572647810292917
phi5_mean_x_xp3 = 11.068624418867353
phi4_mean_x_xp2 = 2.242197787908684
phi2_mean_x2 = 40.28824270992613
phi1_mean_x = 3.7713681692523604
