theta_history_length = 15
iteration = 14

[theta]
sigma = 1.2829973513893769
alpha2 = -0.006227618657595454
alpha1 = 0.39120104224077096
alpha3 = -0.00015484395842506245
alpha0 = 0.0271660572219094
