theta_history_length = 5
iteration = 4

[theta]
sigma = 0.9474305544459637
alpha2 = 0.006741865228779816
alpha1 = 0.30791128600459705
alpha3 = -0.000564651053411852
alpha0 = -0.045916753288293435
