theta_history_length = 3
iteration = 2

[theta]
sigma = 1.0359301191171504
alpha2 = -0.0047509789631633775
alpha1 = 0.3608139757534404
alpha3 = -0.0004814392057572078
alpha0 = 0.20514242619902043
