theta_history_length = 7
iteration = 6

[theta]
sigma = 1.0359301191171504
alpha2 = -0.010301957516145705
alpha1 = 0.3498194213339175
alpha3 = 0.00017652967597647188
alpha0 = 0.2641809602052796
