theta_history_length = 9
iteration = 8

[theta]
sigma = 1.0359301191171504
alpha2 = -0.011358392616082982
alpha1 = 0.34664244648430065
alpha3 = 0.00039387513418647185
alpha0 = 0.27618229664253435
