theta_history_length = 6
iteration = 5

[theta]
sigma = 1.1821359851290811
alpha2 = 0.002857549497773941
alpha1 = 0.36657677535664573
alpha3 = -0.0006381748901711086
alpha0 = 0.2431026689200761
