theta_history_length = 18
iteration = 17

[theta]
sigma = 0.9559554607468975
alpha2 = -0.07051011295075144
alpha1 = 0.33341276340927584
alpha3 = 0.008092391710454084
alpha0 = 0.3376823538179984
