theta_history_length = 2
iteration = 1

[theta]
sigma = 0.9783888757156829
alpha2 = -0.008490597984722343
alpha1 = 0.45813900117636897
alpha3 = -0.001078343301447089
alpha0 = 0.08156969004485905
