theta_history_length = 7
iteration = 6

[theta]
sigma = 1.115593939385387
alpha2 = 0.01643299908279771
alpha1 = 0.4193841249458698
alpha3 = -0.00290006476553894
alpha0 = -0.24103443166049746
