theta_history_length = 17
iteration = 16

[theta]
sigma = 1.130328395441756
alpha2 = -0.04377892350519575
alpha1 = 0.4776903949614991
alpha3 = 0.0024308238659712673
alpha0 = 0.15845633920416868
