theta_history_length = 4
iteration = 3

[theta]
sigma = 1.210872204160057
alpha2 = -0.04081929339808734
alpha1 = 0.32799801439612375
alpha3 = 0.0043266304906976315
alpha0 = 0.21793975240783864
