theta_history_length = 15
iteration = 14

[theta]
sigma = 1.3870689100196065
alpha2 = -0.007529011223700061
alpha1 = 0.2535498904975474
alpha3 = 0.0032537275052223727
alpha0 = -0.09293461899951341
