theta_history_length = 5
iteration = 4

[theta]
sigma = 1.1214986548885701
alpha2 = -0.0038614888124453165
alpha1 = 0.43667884514307626
alpha3 = -0.0017430286325469473
alpha0 = 0.03744717329737543
