theta_history_length = 2
iteration = 1

[theta]
sigma = 1.015651541376683
alpha2 = 0.0009523866711029574
alpha1 = 0.3598913208771626
alpha3 = -0.0011219915549952751
alpha0 = 0.4213605155447798
