theta_history_length = 3
iteration = 2

[theta]
sigma = 0.9977481991253727
alpha2 = -0.006749349994542643
alpha1 = 0.4445382974704616
alpha3 = -0.0010141888603124143
alpha0 = -0.024822013860018463
