theta_history_length = 7
iteration = 6

[theta]
sigma = 1.0045655268638758
alpha2 = 0.003362435486959166
alpha1 = 0.32257529410633523
alpha3 = -0.00019176428006660736
alpha0 = -0.0071961909864237394
