theta_history_length = 8
iteration = 7

[theta]
sigma = 1.6149733145633658
alpha2 = -0.014628486693678154
alpha1 = 0.3581210310465107
alpha3 = 0.0014306199863526377
alpha0 = -0.03811476636678831
