theta_history_length = 7
iteration = 6

[theta]
sigma = 0.7339040209320847
alpha2 = 0.0009011042162166403
alpha1 = 0.4087746897552708
alpha3 = -0.001499602898219609
alpha0 = 0.2487241577330864
