theta_history_length = 2
iteration = 1

[theta]
sigma = 1.0236342727660306
alpha2 = -0.0035866651159968113
alpha1 = 0.4264815080956185
alpha3 = -0.0016708865594401339
alpha0 = 0.08222341773699872
