theta_history_length = 11
iteration = 10

[theta]
sigma = 1.3434164008529865
alpha2 = -3.1173277487975435
alpha1 = 7.2711601115996265
alpha3 = 0.38109298846530915
alpha0 = 1.2193167744288398
