theta_history_length = 22
iteration = 21

[theta]
sigma = 1.221943464055494
alpha2 = -0.02279919490631434
alpha1 = 0.4274489770875635
alpha3 = 0.0008388300864147912
alpha0 = 0.15897120309647028
