theta_history_length = 3
iteration = 2

[theta]
sigma = 0.9336186341472991
alpha2 = 0.003640446020656695
alpha1 = 0.3528404645577285
alpha3 = -0.0008659640995623453
alpha0 = 0.2612156297551005
