theta_history_length = 3
iteration = 2

[theta]
sigma = 1.0911711173197836
alpha2 = 0.012257202792147403
alpha1 = 0.5581328661175822
alpha3 = -0.0051991199581889296
alpha0 = 0.04192237996694411
