theta_history_length = 23
iteration = 22

[theta]
sigma = 1.033298309897873
alpha2 = -0.07144542052286237
alpha1 = 0.4712300805765547
alpha3 = 0.005119778863108919
alpha0 = 0.41525811710035776
