theta_history_length = 11
iteration = 10

[theta]
sigma = 1.3022315849767736
alpha2 = -0.010481943475198215
alpha1 = 0.4019482487383593
alpha3 = 0.00015420090608745862
alpha0 = 0.07711845953150963
