theta_history_length = 13
iteration = 12

[theta]
sigma = 2.3556840545425537
alpha2 = -0.06946546903243513
alpha1 = 1.3376081807791087
alpha3 = 0.0008921647841979492
alpha0 = 1.316493997601884
