theta_history_length = 3
iteration = 2

[theta]
sigma = 0.9661076754587983
alpha2 = 0.025692270660497285
alpha1 = 0.5062771033480366
alpha3 = -0.005566165527117206
alpha0 = -0.27834382964827314
