theta_history_length = 9
iteration = 8

[theta]
sigma = 2.4277532441905154
alpha2 = -0.05480803488563242
alpha1 = 1.6293602956232511
alpha3 = -0.0018325265290156875
alpha0 = 0.6916831980426628
