theta_history_length = 8
iteration = 7

[theta]
sigma = 1.0133126820369498
alpha2 = 0.030297044202140147
alpha1 = 0.4396379215306327
alpha3 = -0.00486570215168876
alpha0 = -0.2645825362583778
