theta_history_length = 8
iteration = 7

[theta]
sigma = 1.0765724144785338
alpha2 = -0.006814408764052678
alpha1 = 0.3901806102038231
alpha3 = -0.00029741421528951584
alpha0 = 0.05643266998908461
