theta_history_length = 2
iteration = 1

[theta]
sigma = 1.0253655093532283
alpha2 = -0.01964728193772724
alpha1 = 0.3861914531382095
alpha3 = -0.00050946900609081
alpha0 = 0.4073823543334061
