theta_history_length = 4
iteration = 3

[theta]
sigma = 0.8532807330238101
alpha2 = -0.0020531030321659267
alpha1 = 0.3239055980303114
alpha3 = -0.0005671040828022308
alpha0 = 0.22463670858312235
