theta_history_length = 4
iteration = 3

[theta]
sigma = 1.0359301191171504
alpha2 = -0.00030276953689469
alpha1 = 0.3434978429288848
alpha3 = -0.0005747903169425831
alpha0 = 0.24275951560912196
