theta_history_length = 15
iteration = 14

[theta]
sigma = 1.8114837953988325
alpha2 = -0.0663124993917511
alpha1 = 1.3373849842594148
alpha3 = 0.00013106785957136462
alpha0 = 1.5203466514346347
