theta_history_length = 11
iteration = 10

[theta]
sigma = 1.0119185193674156
alpha2 = -0.029854189463474044
alpha1 = 0.2675509148141372
alpha3 = 0.004007692814631496
alpha0 = 0.2301902945952704
