theta_history_length = 3
iteration = 2

[theta]
sigma = 1.1286203448582588
alpha2 = -0.008439070596619582
alpha1 = 0.35667422711205315
alpha3 = -0.0005033440630985438
alpha0 = 0.17086414952954318
