primary_method_requested = "unet"
observable_residual_primary = 0.07441467652993088
primary_method = "unet"
convergence_metric_primary = 0.0
iteration = 10
inactive_methods = []
theta_primary = [2.6951676285065904, 1.8490523155453593, -0.18218065230712754, 0.0051013467936481234, 2.75]

[per_method.unet]
relative_step = 0.0
observable_residual = 0.07441467652993088
observable_residual_unweighted = 0.7634042995129241
train_data_path = "/home/ludogio/Documents/JuliaProjects/ScoreUNet1D.jl/scripts/arnold/runs_calibration/run_029/method_unet/iter_010/data/train_stochastic.hdf5"
gfdt_data_path = "/home/ludogio/Documents/JuliaProjects/ScoreUNet1D.jl/scripts/arnold/runs_calibration/run_029/method_unet/iter_010/data/gfdt_stochastic.hdf5"
jacobian_cond_active_free = 18946.27059142816
checkpoint_path = "/home/ludogio/Documents/JuliaProjects/ScoreUNet1D.jl/scripts/arnold/runs_calibration/run_029/method_unet/iter_010/model/final_checkpoint.bson"
theta_before = [2.6951676285065904, 1.8490523155453593, -0.18218065230712754, 0.0051013467936481234, 2.75]
theta_proposed = [2.6951676285065904, 1.8490523155453593, -0.18218065230712754, 0.0051013467936481234, 2.75]
delta_theta = [0.0, 0.0, 0.0, 0.0, 0.0]

    [per_method.unet.newton]
    raw_cond = 9.777811994500965e7
    raw_rhs_norm = 1.2373921997893829
    weight_matrix_mode = "inverse_cov"
    residual_before = 0.06458844075433703
    stability_accepted = false
    line_search_accepted = false
    free_parameters = [1, 2, 3, 4]
    line_search_scale = 0.0
    applied_step = [0.0, 0.0, 0.0, 0.0, 0.0]
    residual_before_unweighted = 0.7032548665865672
    residual_after = 0.06458844075433703
    line_search_used = true
    stability_checked = false
    active_observables = [1, 2, 3, 4]
    correction_full = [-0.8916754687001219, 0.16969460865946537, 0.09456808416093401, -0.008888807326810013, 0.0]
