theta_history_length = 7
iteration = 6

[theta]
sigma = 1.3197358313801348
alpha2 = 0.0038608630941594484
alpha1 = 0.37575220015237254
alpha3 = -0.00046324558287806725
alpha0 = 0.20609843217887916
