theta_history_length = 4
iteration = 3

[theta]
sigma = 1.0011590880107655
alpha2 = 0.006962219188655042
alpha1 = 0.3462234296455959
alpha3 = -0.0008635529983004233
alpha0 = 0.21432332194793935
