theta_history_length = 5
iteration = 4

[theta]
sigma = 1.2655477668914665
alpha2 = -0.004815613028100159
alpha1 = 0.4041206007202669
alpha3 = -0.0005950256218682359
alpha0 = 0.014470760325456189
