theta_history_length = 18
iteration = 17

[theta]
sigma = 1.3696019213849582
alpha2 = -0.08673159656811841
alpha1 = 0.24914705233450155
alpha3 = 0.01179140889533435
alpha0 = 0.4597766861422913
