theta_history_length = 5
iteration = 4

[theta]
sigma = 0.9004714543014245
alpha2 = -0.0001954404744222316
alpha1 = 0.31101889756280776
alpha3 = -0.00047648861842985443
alpha0 = 0.24687276615006307
