theta_history_length = 6
iteration = 5

[theta]
sigma = 0.908276716487185
alpha2 = -0.0012112638574898254
alpha1 = 0.3143737533597685
alpha3 = -0.00030676269322768226
alpha0 = 0.19180903123548954
