theta_history_length = 5
iteration = 4

[theta]
sigma = 2.1831839627977607
alpha2 = -0.10407369662295775
alpha1 = 1.6424997667856938
alpha3 = 0.0016292452361450717
alpha0 = 1.490450488805295
