primary_method_requested = "unet"
observable_residual_primary = 0.18268428598361866
primary_method = "unet"
convergence_metric_primary = 0.041357855476520586
iteration = 6
inactive_methods = ["gaussian"]
theta_primary = [1.4628612582649774, 1.7259210347518728, -0.1033061692626833, 0.0009080439445536765, 2.75]

[per_method.unet]
relative_step = 0.041357855476520586
observable_residual = 0.18268428598361866
observable_residual_unweighted = 1.5072123177352454
train_data_path = "/home/ludogio/Documents/JuliaProjects/ScoreUNet1D.jl/scripts/arnold/runs_calibration/run_026/method_unet/iter_006/data/train_stochastic.hdf5"
gfdt_data_path = "/home/ludogio/Documents/JuliaProjects/ScoreUNet1D.jl/scripts/arnold/runs_calibration/run_026/method_unet/iter_006/data/gfdt_stochastic.hdf5"
jacobian_cond_active_free = 100854.16828399638
checkpoint_path = "/home/ludogio/Documents/JuliaProjects/ScoreUNet1D.jl/scripts/arnold/runs_calibration/run_026/method_unet/iter_006/model/final_checkpoint.bson"
theta_before = [1.3188679079674788, 1.6962168749213133, -0.09367945945509874, 0.0005701626349259624, 2.75]
theta_proposed = [1.4628612582649774, 1.7259210347518728, -0.1033061692626833, 0.0009080439445536765, 2.75]
delta_theta = [-0.14399335029749866, -0.029704159830559462, 0.009626709807584545, -0.00033788130962771404, 0.0]

    [per_method.unet.newton]
    raw_cond = 1.8093711956415385e8
    raw_rhs_norm = 89.75856617894289
    weight_matrix_mode = "inverse_cov"
    residual_before = 0.22294175439861613
    stability_accepted = true
    line_search_accepted = true
    free_parameters = [1, 2, 3, 4]
    line_search_scale = 0.2
    applied_step = [-0.14399335029749866, -0.029704159830559462, 0.009626709807584545, -0.00033788130962771404, 0.0]
    residual_before_unweighted = 1.7362475024311506
    residual_after = 0.18669529069314117
    line_search_used = true
    stability_checked = true
    active_observables = [1, 2, 3, 4]
    correction_full = [-0.7199667514874932, -0.1485207991527973, 0.04813354903792272, -0.0016894065481385702, 0.0]

[per_method.finite_difference]
relative_step = 0.04795219198569232
observable_residual = 0.33376650556221593
observable_residual_unweighted = 2.2066873748117652
train_data_path = "/home/ludogio/Documents/JuliaProjects/ScoreUNet1D.jl/scripts/arnold/runs_calibration/run_026/method_finite_difference/iter_006/data/train_stochastic.hdf5"
gfdt_data_path = "/home/ludogio/Documents/JuliaProjects/ScoreUNet1D.jl/scripts/arnold/runs_calibration/run_026/method_finite_difference/iter_006/data/gfdt_stochastic.hdf5"
jacobian_cond_active_free = 56078.24212610543
checkpoint_path = ""
theta_before = [1.2526295193190156, 1.6143790909420774, -0.09319704242540827, 0.0017139275408157256, 2.75]
theta_proposed = [1.4075328010968695, 1.6806324634055962, -0.10208224909230987, 0.001568679968263191, 2.75]
delta_theta = [-0.15490328177785398, -0.06625337246351883, 0.008885206666901603, 0.00014524757255253459, 0.0]

    [per_method.finite_difference.newton]
    raw_cond = 2.444165365539576e8
    raw_rhs_norm = 207.4807052720463
    weight_matrix_mode = "inverse_cov"
    residual_before = 0.409098392246405
    stability_accepted = true
    line_search_accepted = true
    free_parameters = [1, 2, 3, 4]
    line_search_scale = 0.2
    applied_step = [-0.15490328177785398, -0.06625337246351883, 0.008885206666901603, 0.00014524757255253459, 0.0]
    residual_before_unweighted = 2.641675081970712
    residual_after = 0.38361584390739867
    line_search_used = true
    stability_checked = true
    active_observables = [1, 2, 3, 4]
    correction_full = [-0.7745164088892699, -0.3312668623175941, 0.044426033334508015, 0.000726237862762673, 0.0]
