theta_history_length = 18
iteration = 17

[theta]
sigma = 1.4056454792851794
alpha2 = -0.012712546693522042
alpha1 = 0.4499085683147267
alpha3 = -0.00019292217787189356
alpha0 = 0.008419299158618478
