theta_history_length = 6
iteration = 5

[theta]
sigma = 1.1317433936262848
alpha2 = 0.0067656235049917395
alpha1 = 0.35599961250501727
alpha3 = -0.0009197874352469373
alpha0 = 0.19317307144717322
