theta_history_length = 7
iteration = 6

[theta]
sigma = 1.1603069265545822
alpha2 = 0.002403758522220099
alpha1 = 0.3656733392927381
alpha3 = -0.0006731921940023306
alpha0 = 0.2521783434974205
