free_parameters = [1, 2, 3, 4, 5]
iterations = 30
run_dir = "/home/ludogio/Documents/JuliaProjects/ScoreUNet1D.jl/scripts/arnold/runs_calibration/run_030"
converged = false
convergence_metric = 0.0
obs_residual_primary = 2.0806136072354056
active_observables = [1, 2, 3, 4, 5]

[final_theta]
sigma = 0.35925425606286676
alpha2 = -0.23867556558988012
alpha1 = 1.6841838180221818
alpha3 = 0.00835973998094756
alpha0 = 4.310651664455208

[methods]
primary = "unet"
unet = true
finite_difference = false
gaussian = false

[target_observables]
phi3_mean_x_xp1 = 14.572647810292917
phi5_mean_x_xp3 = 11.068624418867353
phi4_mean_x_xp2 = 2.242197787908684
phi2_mean_x2 = 40.28824270992613
phi1_mean_x = 3.7713681692523604
