theta_history_length = 2
iteration = 1

[theta]
sigma = 0.9499097064762606
alpha2 = 0.0014880699807540976
alpha1 = 0.5583722006158545
alpha3 = -0.004111329203231262
alpha0 = 0.03456577216386868
