theta_history_length = 14
iteration = 13

[theta]
sigma = 1.0536398684471089
alpha2 = -0.05697362823413067
alpha1 = 0.24141983686903518
alpha3 = 0.008405862356263567
alpha0 = 0.30301557197057966
