primary_method_requested = "unet"
observable_residual_primary = 0.10856385522539719
primary_method = "unet"
convergence_metric_primary = 0.17868013790902945
iteration = 5
inactive_methods = []
theta_primary = [2.191263396983775, 1.737407106907741, -0.16100290935326372, 0.004658191685825892, 2.75]

[per_method.unet]
relative_step = 0.17868013790902945
observable_residual = 0.10856385522539719
observable_residual_unweighted = 1.1507793813703502
train_data_path = "/home/ludogio/Documents/JuliaProjects/ScoreUNet1D.jl/scripts/arnold/runs_calibration/run_029/method_unet/iter_005/data/train_stochastic.hdf5"
gfdt_data_path = "/home/ludogio/Documents/JuliaProjects/ScoreUNet1D.jl/scripts/arnold/runs_calibration/run_029/method_unet/iter_005/data/gfdt_stochastic.hdf5"
jacobian_cond_active_free = 22394.433282563463
checkpoint_path = "/home/ludogio/Documents/JuliaProjects/ScoreUNet1D.jl/scripts/arnold/runs_calibration/run_029/method_unet/iter_005/model/final_checkpoint.bson"
theta_before = [1.492817918893294, 1.7719227602414653, -0.10705033380663467, 0.00044213493915302407, 2.75]
theta_proposed = [2.191263396983775, 1.737407106907741, -0.16100290935326372, 0.004658191685825892, 2.75]
delta_theta = [-0.6984454780904812, 0.03451565333372425, 0.05395257554662905, -0.004216056746672868, 0.0]

    [per_method.unet.newton]
    raw_cond = 1.4486698665391752e8
    raw_rhs_norm = 10.288494568202681
    weight_matrix_mode = "inverse_cov"
    residual_before = 0.0971526066042514
    stability_accepted = true
    line_search_accepted = true
    free_parameters = [1, 2, 3, 4]
    line_search_scale = 0.5
    applied_step = [-0.6984454780904812, 0.03451565333372425, 0.05395257554662905, -0.004216056746672868, 0.0]
    residual_before_unweighted = 1.1358451452878424
    residual_after = 0.09565555329960496
    line_search_used = true
    stability_checked = true
    active_observables = [1, 2, 3, 4]
    correction_full = [-1.3968909561809624, 0.0690313066674485, 0.1079051510932581, -0.008432113493345736, 0.0]
