theta_history_length = 6
iteration = 5

[theta]
sigma = 2.75
alpha2 = -0.16100290935326372
alpha1 = 1.737407106907741
alpha3 = 0.004658191685825892
alpha0 = 2.191263396983775
