primary_method_requested = "unet"
observable_residual_primary = 1.0432354478654013
primary_method = "unet"
convergence_metric_primary = 0.22879808769706356
iteration = 15
inactive_methods = []
theta_primary = [1.973961490421254, 1.3469407747292466, -0.09170071610460123, 0.0017377493892833471, 2.4494172297008068]

[per_method.unet]
relative_step = 0.22879808769706356
observable_residual = 1.0432354478654013
observable_residual_unweighted = 1.0432354478654013
train_data_path = "/home/ludogio/Documents/JuliaProjects/ScoreUNet1D.jl/scripts/arnold/runs_calibration/run_030/method_unet/iter_015/data/train_stochastic.hdf5"
gfdt_data_path = "/home/ludogio/Documents/JuliaProjects/ScoreUNet1D.jl/scripts/arnold/runs_calibration/run_030/method_unet/iter_015/data/gfdt_stochastic.hdf5"
jacobian_cond_active_free = 680802.4106358722
checkpoint_path = "/home/ludogio/Documents/JuliaProjects/ScoreUNet1D.jl/scripts/arnold/runs_calibration/run_030/method_unet/iter_015/model/final_checkpoint.bson"
theta_before = [1.5203466514346347, 1.3373849842594148, -0.0663124993917511, 0.00013106785957136462, 1.8114837953988325]
theta_proposed = [1.973961490421254, 1.3469407747292466, -0.09170071610460123, 0.0017377493892833471, 2.4494172297008068]
delta_theta = [-0.4536148389866192, -0.009555790469831684, 0.025388216712850128, -0.0016066815297119824, -0.6379334343019741]

    [per_method.unet.newton]
    raw_cond = 9.580272132030918e9
    raw_rhs_norm = 968.0724632984692
    weight_matrix_mode = "identity"
    residual_before = 1.0394390459050602
    stability_accepted = true
    line_search_accepted = true
    free_parameters = [1, 2, 3, 4, 5]
    line_search_scale = 0.125
    applied_step = [-0.4536148389866192, -0.009555790469831684, 0.025388216712850128, -0.0016066815297119824, -0.6379334343019741]
    residual_before_unweighted = 1.0394390459050602
    residual_after = 1.0231895982882275
    line_search_used = true
    stability_checked = true
    active_observables = [1, 2, 3, 4, 5]
    correction_full = [-3.6289187118929536, -0.07644632375865347, 0.20310573370280102, -0.012853452237695859, -5.103467474415793]
