primary_method_requested = "unet"
observable_residual_primary = 0.09184456448926837
primary_method = "unet"
convergence_metric_primary = 0.04772426979411726
iteration = 4
inactive_methods = []
theta_primary = [1.492817918893294, 1.7719227602414653, -0.10705033380663467, 0.00044213493915302407, 2.75]

[per_method.unet]
relative_step = 0.04772426979411726
observable_residual = 0.09184456448926837
observable_residual_unweighted = 1.135044981468937
train_data_path = "/home/ludogio/Documents/JuliaProjects/ScoreUNet1D.jl/scripts/arnold/runs_calibration/run_029/method_unet/iter_004/data/train_stochastic.hdf5"
gfdt_data_path = "/home/ludogio/Documents/JuliaProjects/ScoreUNet1D.jl/scripts/arnold/runs_calibration/run_029/method_unet/iter_004/data/gfdt_stochastic.hdf5"
jacobian_cond_active_free = 178134.7574709358
checkpoint_path = "/home/ludogio/Documents/JuliaProjects/ScoreUNet1D.jl/scripts/arnold/runs_calibration/run_029/method_unet/iter_004/model/final_checkpoint.bson"
theta_before = [1.6631225541485897, 1.772148100497582, -0.12874724998982948, 0.0020853230399844797, 2.75]
theta_proposed = [1.492817918893294, 1.7719227602414653, -0.10705033380663467, 0.00044213493915302407, 2.75]
delta_theta = [0.17030463525529568, 0.00022534025611675048, -0.021696916183194807, 0.0016431881008314557, 0.0]

    [per_method.unet.newton]
    raw_cond = 2.3661450363284102e8
    raw_rhs_norm = 24.450605897350115
    weight_matrix_mode = "inverse_cov"
    residual_before = 0.10420026545245498
    stability_accepted = true
    line_search_accepted = true
    free_parameters = [1, 2, 3, 4]
    line_search_scale = 0.25
    applied_step = [0.17030463525529568, 0.00022534025611675048, -0.021696916183194807, 0.0016431881008314557, 0.0]
    residual_before_unweighted = 1.2519527401590063
    residual_after = 0.08975554247832754
    line_search_used = true
    stability_checked = true
    active_observables = [1, 2, 3, 4]
    correction_full = [0.6812185410211827, 0.0009013610244670019, -0.08678766473277923, 0.006572752403325823, 0.0]
