theta_history_length = 4
iteration = 3

[theta]
sigma = 1.207349654670028
alpha2 = -0.00451318019647133
alpha1 = 0.40470806849578744
alpha3 = -0.0007362810482075706
alpha0 = 0.030165051858776507
