theta_history_length = 26
iteration = 25

[theta]
sigma = 1.3535696969769624
alpha2 = -0.01629079890840315
alpha1 = 0.38956728429888593
alpha3 = 0.0010348589205526157
alpha0 = 0.10910041615222316
