theta_history_length = 3
iteration = 2

[theta]
sigma = 1.076629783674284
alpha2 = 0.013895644395233402
alpha1 = 0.3979083153566806
alpha3 = -0.0025986677720302672
alpha0 = -0.19506168955712938
