primary_method_requested = "unet"
observable_residual_primary = 0.11274199075608789
primary_method = "unet"
convergence_metric_primary = 0.0
iteration = 10
inactive_methods = ["gaussian"]
theta_primary = [7.524332508050479, 2.065766088224191, -0.7458110900272342, 0.049323714767614026, 2.75]

[per_method.unet]
relative_step = 0.0
observable_residual = 0.11274199075608789
observable_residual_unweighted = 0.11274199075608789
train_data_path = "/home/ludogio/Documents/JuliaProjects/ScoreUNet1D.jl/scripts/arnold/runs_calibration/run_027/method_unet/iter_010/data/train_stochastic.hdf5"
gfdt_data_path = "/home/ludogio/Documents/JuliaProjects/ScoreUNet1D.jl/scripts/arnold/runs_calibration/run_027/method_unet/iter_010/data/gfdt_stochastic.hdf5"
jacobian_cond_active_free = 52331.1731385645
checkpoint_path = "/home/ludogio/Documents/JuliaProjects/ScoreUNet1D.jl/scripts/arnold/runs_calibration/run_027/method_unet/iter_010/model/final_checkpoint.bson"
theta_before = [7.524332508050479, 2.065766088224191, -0.7458110900272342, 0.049323714767614026, 2.75]
theta_proposed = [7.524332508050479, 2.065766088224191, -0.7458110900272342, 0.049323714767614026, 2.75]
delta_theta = [0.0, 0.0, 0.0, 0.0, 0.0]

    [per_method.unet.newton]
    raw_cond = 8.438353243799471e8
    raw_rhs_norm = 63.64337283347672
    weight_matrix_mode = "identity"
    residual_before = 0.06331042798852679
    stability_accepted = false
    line_search_accepted = false
    free_parameters = [1, 2, 3, 4]
    line_search_scale = 0.0
    applied_step = [0.0, 0.0, 0.0, 0.0, 0.0]
    residual_before_unweighted = 0.06331042798852679
    residual_after = 0.06331042798852679
    line_search_used = true
    stability_checked = false
    active_observables = [1, 2, 3, 4]
    correction_full = [-0.13489207295315367, -0.03369088752873921, 0.02160669125191196, -0.0016205642670113062, 0.0]

[per_method.finite_difference]
relative_step = 0.015517272826659668
observable_residual = 0.6824194353325649
observable_residual_unweighted = 0.6824194353325649
train_data_path = "/home/ludogio/Documents/JuliaProjects/ScoreUNet1D.jl/scripts/arnold/runs_calibration/run_027/method_finite_difference/iter_010/data/train_stochastic.hdf5"
gfdt_data_path = "/home/ludogio/Documents/JuliaProjects/ScoreUNet1D.jl/scripts/arnold/runs_calibration/run_027/method_finite_difference/iter_010/data/gfdt_stochastic.hdf5"
jacobian_cond_active_free = 98122.5667972517
checkpoint_path = ""
theta_before = [3.8061251857228844, 1.5193015034665291, -0.23028183904246421, 0.010687783788935605, 2.75]
theta_proposed = [3.882733389073129, 1.5079196632669678, -0.2339178433658085, 0.010934229235738243, 2.75]
delta_theta = [-0.07660820335024444, 0.011381840199561356, 0.0036360043233443023, -0.0002464454468026374, 0.0]

    [per_method.finite_difference.newton]
    raw_cond = 5.424463534283178e9
    raw_rhs_norm = 1734.9517722610171
    weight_matrix_mode = "identity"
    residual_before = 0.5677781480177482
    stability_accepted = true
    line_search_accepted = true
    free_parameters = [1, 2, 3, 4]
    line_search_scale = 0.03125
    applied_step = [-0.07660820335024444, 0.011381840199561356, 0.0036360043233443023, -0.0002464454468026374, 0.0]
    residual_before_unweighted = 0.5677781480177482
    residual_after = 0.5625282538714237
    line_search_used = true
    stability_checked = true
    active_observables = [1, 2, 3, 4]
    correction_full = [-2.451462507207822, 0.3642188863859634, 0.11635213834701767, -0.007886254297684397, 0.0]
