primary_method_requested = "unet"
observable_residual_primary = 0.3386258115208343
primary_method = "unet"
convergence_metric_primary = 0.0
iteration = 7
inactive_methods = ["finite_difference"]
theta_primary = [7.557360085752331, 1.6807559784820294, -0.6815843013651617, 0.04720810106684898, 3.7463905507114994]

[per_method.unet]
relative_step = 0.0
observable_residual = 0.3386258115208343
observable_residual_unweighted = 0.3386258115208343
train_data_path = "/home/ludogio/Documents/JuliaProjects/ScoreUNet1D.jl/scripts/arnold/runs_calibration/run_031/method_unet/iter_007/data/train_stochastic.hdf5"
gfdt_data_path = "/home/ludogio/Documents/JuliaProjects/ScoreUNet1D.jl/scripts/arnold/runs_calibration/run_031/method_unet/iter_007/data/gfdt_stochastic.hdf5"
jacobian_cond_active_free = 184439.99729122085
checkpoint_path = "/home/ludogio/Documents/JuliaProjects/ScoreUNet1D.jl/scripts/arnold/runs_calibration/run_031/method_unet/iter_007/model/final_checkpoint.bson"
theta_before = [7.557360085752331, 1.6807559784820294, -0.6815843013651617, 0.04720810106684898, 3.7463905507114994]
theta_proposed = [7.557360085752331, 1.6807559784820294, -0.6815843013651617, 0.04720810106684898, 3.7463905507114994]
delta_theta = [0.0, 0.0, 0.0, 0.0, 0.0]

    [per_method.unet.newton]
    raw_cond = 1.3050201429774797e9
    raw_rhs_norm = 13.87869111690897
    weight_matrix_mode = "identity"
    residual_before = 0.21911982346752146
    stability_accepted = false
    line_search_accepted = false
    free_parameters = [1, 2, 3, 4, 5]
    line_search_scale = 0.0
    applied_step = [0.0, 0.0, 0.0, 0.0, 0.0]
    residual_before_unweighted = 0.21911982346752146
    residual_after = 0.21911982346752146
    line_search_used = true
    stability_checked = false
    active_observables = [1, 2, 3, 4, 5]
    correction_full = [-0.5294543947997631, 0.0002857278202460602, 0.06489176648623507, -0.0059402941788794595, -0.9941722164960393]

[per_method.gaussian]
relative_step = 0.0
observable_residual = 4.296634147332756
observable_residual_unweighted = 4.296634147332756
train_data_path = "/home/ludogio/Documents/JuliaProjects/ScoreUNet1D.jl/scripts/arnold/runs_calibration/run_031/method_gaussian/iter_007/data/train_stochastic.hdf5"
gfdt_data_path = "/home/ludogio/Documents/JuliaProjects/ScoreUNet1D.jl/scripts/arnold/runs_calibration/run_031/method_gaussian/iter_007/data/gfdt_stochastic.hdf5"
jacobian_cond_active_free = 133055.53533654826
checkpoint_path = ""
theta_before = [0.3751, 1.43, -0.01224, -0.002115, 2.75]
theta_proposed = [0.3751, 1.43, -0.01224, -0.002115, 2.75]
delta_theta = [0.0, 0.0, 0.0, 0.0, 0.0]

    [per_method.gaussian.newton]
    raw_cond = 7.033198804075581e8
    raw_rhs_norm = 2559.6090701670882
    weight_matrix_mode = "identity"
    residual_before = 4.322703074697447
    stability_accepted = false
    line_search_accepted = false
    free_parameters = [1, 2, 3, 4, 5]
    line_search_scale = 0.0
    applied_step = [0.0, 0.0, 0.0, 0.0, 0.0]
    residual_before_unweighted = 4.322703074697447
    residual_after = 4.322703074697447
    line_search_used = true
    stability_checked = false
    active_observables = [1, 2, 3, 4, 5]
    correction_full = [1.5271443278714287, -4.3633355183958376, 0.12132712850628936, 0.03943613670584055, -0.2618157043070404]
