theta_history_length = 6
iteration = 5

[theta]
sigma = 0.8985383637301069
alpha2 = 0.001048425442882317
alpha1 = 0.3950674966156661
alpha3 = -0.001241741107099225
alpha0 = 0.264088528582895
