primary_method_requested = "unet"
observable_residual_primary = 0.09104077089860685
primary_method = "unet"
convergence_metric_primary = 0.06761518580939856
iteration = 6
inactive_methods = []
theta_primary = [1.9471064044879012, 1.809350794521806, -0.11487702526250129, 0.00038213816667674594, 2.75]

[per_method.unet]
relative_step = 0.06761518580939856
observable_residual = 0.09104077089860685
observable_residual_unweighted = 0.8671122271548694
train_data_path = "/home/ludogio/Documents/JuliaProjects/ScoreUNet1D.jl/scripts/arnold/runs_calibration/run_029/method_unet/iter_006/data/train_stochastic.hdf5"
gfdt_data_path = "/home/ludogio/Documents/JuliaProjects/ScoreUNet1D.jl/scripts/arnold/runs_calibration/run_029/method_unet/iter_006/data/gfdt_stochastic.hdf5"
jacobian_cond_active_free = 342136.48172935256
checkpoint_path = "/home/ludogio/Documents/JuliaProjects/ScoreUNet1D.jl/scripts/arnold/runs_calibration/run_029/method_unet/iter_006/model/final_checkpoint.bson"
theta_before = [2.191263396983775, 1.737407106907741, -0.16100290935326372, 0.004658191685825892, 2.75]
theta_proposed = [1.9471064044879012, 1.809350794521806, -0.11487702526250129, 0.00038213816667674594, 2.75]
delta_theta = [0.2441569924958738, -0.07194368761406482, -0.04612588409076244, 0.004276053519149146, 0.0]

    [per_method.unet.newton]
    raw_cond = 2.0538392393338335e8
    raw_rhs_norm = 28.04087618157052
    weight_matrix_mode = "inverse_cov"
    residual_before = 0.11935190903904024
    stability_accepted = true
    line_search_accepted = true
    free_parameters = [1, 2, 3, 4]
    line_search_scale = 1.0
    applied_step = [0.2441569924958738, -0.07194368761406482, -0.04612588409076244, 0.004276053519149146, 0.0]
    residual_before_unweighted = 1.2302402099031948
    residual_after = 0.10806123803545627
    line_search_used = true
    stability_checked = true
    active_observables = [1, 2, 3, 4]
    correction_full = [0.2441569924958738, -0.07194368761406482, -0.04612588409076244, 0.004276053519149146, 0.0]
