theta_history_length = 7
iteration = 6

[theta]
sigma = 2.75
alpha2 = -0.11487702526250129
alpha1 = 1.809350794521806
alpha3 = 0.00038213816667674594
alpha0 = 1.9471064044879012
