theta_history_length = 9
iteration = 8

[theta]
sigma = 0.9675660013644917
alpha2 = 0.03801505155847841
alpha1 = 0.37540134420781773
alpha3 = -0.00455467601126201
alpha0 = -0.3530020459185461
