theta_history_length = 9
iteration = 8

[theta]
sigma = 0.9684815532549986
alpha2 = -0.017789126751449048
alpha1 = 0.2589711843952748
alpha3 = 0.0034496317539658185
alpha0 = 0.05059884635566878
