theta_history_length = 11
iteration = 10

[theta]
sigma = 1.8627484942916077
alpha2 = -0.12135507366627729
alpha1 = 1.64496283896721
alpha3 = 0.0023495771650888205
alpha0 = 1.8481818345640753
