primary_method_requested = "unet"
observable_residual_primary = 0.36412977124308327
primary_method = "unet"
convergence_metric_primary = 0.0
iteration = 8
inactive_methods = ["finite_difference"]
theta_primary = [7.557360085752331, 1.6807559784820294, -0.6815843013651617, 0.04720810106684898, 3.7463905507114994]

[per_method.unet]
relative_step = 0.0
observable_residual = 0.36412977124308327
observable_residual_unweighted = 0.36412977124308327
train_data_path = "/home/ludogio/Documents/JuliaProjects/ScoreUNet1D.jl/scripts/arnold/runs_calibration/run_031/method_unet/iter_008/data/train_stochastic.hdf5"
gfdt_data_path = "/home/ludogio/Documents/JuliaProjects/ScoreUNet1D.jl/scripts/arnold/runs_calibration/run_031/method_unet/iter_008/data/gfdt_stochastic.hdf5"
jacobian_cond_active_free = 374227.86523549684
checkpoint_path = "/home/ludogio/Documents/JuliaProjects/ScoreUNet1D.jl/scripts/arnold/runs_calibration/run_031/method_unet/iter_008/model/final_checkpoint.bson"
theta_before = [7.557360085752331, 1.6807559784820294, -0.6815843013651617, 0.04720810106684898, 3.7463905507114994]
theta_proposed = [7.557360085752331, 1.6807559784820294, -0.6815843013651617, 0.04720810106684898, 3.7463905507114994]
delta_theta = [0.0, 0.0, 0.0, 0.0, 0.0]

    [per_method.unet.newton]
    raw_cond = 1.3470289734424405e9
    raw_rhs_norm = 18.633868418932458
    weight_matrix_mode = "identity"
    residual_before = 0.27413270677560286
    stability_accepted = false
    line_search_accepted = false
    free_parameters = [1, 2, 3, 4, 5]
    line_search_scale = 0.0
    applied_step = [0.0, 0.0, 0.0, 0.0, 0.0]
    residual_before_unweighted = 0.27413270677560286
    residual_after = 0.27413270677560286
    line_search_used = true
    stability_checked = false
    active_observables = [1, 2, 3, 4, 5]
    correction_full = [-0.04486368818180245, 0.06681132755845133, 0.0039509867185098255, -0.0016466747124841712, -0.6310765567394149]

[per_method.gaussian]
relative_step = 0.0
observable_residual = 4.2975950128996425
observable_residual_unweighted = 4.2975950128996425
train_data_path = "/home/ludogio/Documents/JuliaProjects/ScoreUNet1D.jl/scripts/arnold/runs_calibration/run_031/method_gaussian/iter_008/data/train_stochastic.hdf5"
gfdt_data_path = "/home/ludogio/Documents/JuliaProjects/ScoreUNet1D.jl/scripts/arnold/runs_calibration/run_031/method_gaussian/iter_008/data/gfdt_stochastic.hdf5"
jacobian_cond_active_free = 124487.62988477139
checkpoint_path = ""
theta_before = [0.3751, 1.43, -0.01224, -0.002115, 2.75]
theta_proposed = [0.3751, 1.43, -0.01224, -0.002115, 2.75]
delta_theta = [0.0, 0.0, 0.0, 0.0, 0.0]

    [per_method.gaussian.newton]
    raw_cond = 7.449192692701483e8
    raw_rhs_norm = 2696.5238583517585
    weight_matrix_mode = "identity"
    residual_before = 4.261149825240597
    stability_accepted = false
    line_search_accepted = false
    free_parameters = [1, 2, 3, 4, 5]
    line_search_scale = 0.0
    applied_step = [0.0, 0.0, 0.0, 0.0, 0.0]
    residual_before_unweighted = 4.261149825240597
    residual_after = 4.261149825240597
    line_search_used = true
    stability_checked = false
    active_observables = [1, 2, 3, 4, 5]
    correction_full = [2.950480326187069, -5.4220847905761955, 0.07041179329204286, 0.05314219010397609, -0.20505486677289766]
