theta_history_length = 9
iteration = 8

[theta]
sigma = 3.7463905507114994
alpha2 = -0.6815843013651617
alpha1 = 1.6807559784820294
alpha3 = 0.04720810106684898
alpha0 = 7.557360085752331
