theta_history_length = 6
iteration = 5

[theta]
sigma = 1.0757944714267353
alpha2 = 0.00208894623700546
alpha1 = 0.4783218047585992
alpha3 = -0.0030826666339068545
alpha0 = 0.010950496679035367
