theta_history_length = 2
iteration = 1

[theta]
sigma = 0.9070699359758827
alpha2 = -0.03816092676270959
alpha1 = 0.34803884162235177
alpha3 = 0.002253102141288554
alpha0 = 0.4859139062627619
