theta_history_length = 5
iteration = 4

[theta]
sigma = 1.0587017201622024
alpha2 = -0.0006560491574899507
alpha1 = 0.3461171654888166
alpha3 = -0.0003108329934742968
alpha0 = 0.29110658994854066
