theta_history_length = 22
iteration = 21

[theta]
sigma = 1.0636385194174163
alpha2 = -0.03401743239671272
alpha1 = 0.5773131575476809
alpha3 = -0.0010715060587774478
alpha0 = 0.2558363585444819
