theta_history_length = 3
iteration = 2

[theta]
sigma = 1.0236852335284188
alpha2 = -0.0021498553338100738
alpha1 = 0.39221842626420483
alpha3 = -0.001031193884297934
alpha0 = 0.010547482213085248
