primary_method_requested = "unet"
observable_residual_primary = 0.11932724914928704
primary_method = "unet"
convergence_metric_primary = 0.04997815146664559
iteration = 9
inactive_methods = ["gaussian"]
theta_primary = [1.7449132354367674, 1.7699142234731802, -0.1205125634828803, 0.0015907325899724833, 2.75]

[per_method.unet]
relative_step = 0.04997815146664559
observable_residual = 0.11932724914928704
observable_residual_unweighted = 1.1732815973640027
train_data_path = "/home/ludogio/Documents/JuliaProjects/ScoreUNet1D.jl/scripts/arnold/runs_calibration/run_026/method_unet/iter_009/data/train_stochastic.hdf5"
gfdt_data_path = "/home/ludogio/Documents/JuliaProjects/ScoreUNet1D.jl/scripts/arnold/runs_calibration/run_026/method_unet/iter_009/data/gfdt_stochastic.hdf5"
jacobian_cond_active_free = 98333.69124370482
checkpoint_path = "/home/ludogio/Documents/JuliaProjects/ScoreUNet1D.jl/scripts/arnold/runs_calibration/run_026/method_unet/iter_009/model/final_checkpoint.bson"
theta_before = [1.560105999087764, 1.764079270039001, -0.10757687687486372, 0.0007404507914502275, 2.75]
theta_proposed = [1.7449132354367674, 1.7699142234731802, -0.1205125634828803, 0.0015907325899724833, 2.75]
delta_theta = [-0.1848072363490034, -0.0058349534341792545, 0.012935686608016568, -0.0008502817985222557, 0.0]

    [per_method.unet.newton]
    raw_cond = 2.038381879473992e8
    raw_rhs_norm = 39.736290988538876
    weight_matrix_mode = "inverse_cov"
    residual_before = 0.13313053766360397
    stability_accepted = true
    line_search_accepted = true
    free_parameters = [1, 2, 3, 4]
    line_search_scale = 0.2
    applied_step = [-0.1848072363490034, -0.0058349534341792545, 0.012935686608016568, -0.0008502817985222557, 0.0]
    residual_before_unweighted = 1.3505589250770467
    residual_after = 0.12301996625476434
    line_search_used = true
    stability_checked = true
    active_observables = [1, 2, 3, 4]
    correction_full = [-0.9240361817450169, -0.02917476717089627, 0.06467843304008283, -0.004251408992611279, 0.0]

[per_method.finite_difference]
relative_step = 0.0660131083391678
observable_residual = 0.24121829350665752
observable_residual_unweighted = 1.9258877166691313
train_data_path = "/home/ludogio/Documents/JuliaProjects/ScoreUNet1D.jl/scripts/arnold/runs_calibration/run_026/method_finite_difference/iter_009/data/train_stochastic.hdf5"
gfdt_data_path = "/home/ludogio/Documents/JuliaProjects/ScoreUNet1D.jl/scripts/arnold/runs_calibration/run_026/method_finite_difference/iter_009/data/gfdt_stochastic.hdf5"
jacobian_cond_active_free = 15767.383093163577
checkpoint_path = ""
theta_before = [0.9970086785038936, 1.742575018466515, -0.0665865899624799, -0.001777906366354893, 2.75]
theta_proposed = [1.2253749568661492, 1.7706444020556213, -0.08242155354224812, -0.0009120049492054203, 2.75]
delta_theta = [-0.22836627836225554, -0.028069383589106336, 0.015834963579768213, -0.0008659014171494726, 0.0]

    [per_method.finite_difference.newton]
    raw_cond = 5.0860096440267764e7
    raw_rhs_norm = 117.74969635019646
    weight_matrix_mode = "inverse_cov"
    residual_before = 0.258553382933743
    stability_accepted = true
    line_search_accepted = true
    free_parameters = [1, 2, 3, 4]
    line_search_scale = 0.2
    applied_step = [-0.22836627836225554, -0.028069383589106336, 0.015834963579768213, -0.0008659014171494726, 0.0]
    residual_before_unweighted = 2.03884545560058
    residual_after = 0.2563447585024665
    line_search_used = true
    stability_checked = true
    active_observables = [1, 2, 3, 4]
    correction_full = [-1.1418313918112777, -0.14034691794553167, 0.07917481789884107, -0.004329507085747363, 0.0]
