primary_method_requested = "unet"
observable_residual_primary = 0.36404438970509945
primary_method = "unet"
convergence_metric_primary = 0.05076515583893442
iteration = 10
inactive_methods = ["finite_difference"]
theta_primary = [6.658247750128861, 1.6632393936570211, -0.5424563728285181, 0.035003559476100746, 3.559699368164393]

[per_method.unet]
relative_step = 0.05076515583893442
observable_residual = 0.36404438970509945
observable_residual_unweighted = 0.36404438970509945
train_data_path = "/home/ludogio/Documents/JuliaProjects/ScoreUNet1D.jl/scripts/arnold/runs_calibration/run_031/method_unet/iter_010/data/train_stochastic.hdf5"
gfdt_data_path = "/home/ludogio/Documents/JuliaProjects/ScoreUNet1D.jl/scripts/arnold/runs_calibration/run_031/method_unet/iter_010/data/gfdt_stochastic.hdf5"
jacobian_cond_active_free = 75807.47928982766
checkpoint_path = "/home/ludogio/Documents/JuliaProjects/ScoreUNet1D.jl/scripts/arnold/runs_calibration/run_031/method_unet/iter_010/model/final_checkpoint.bson"
theta_before = [7.047518706500874, 1.6277067180344127, -0.5777489303679182, 0.03814853110325722, 3.532402025877979]
theta_proposed = [6.658247750128861, 1.6632393936570211, -0.5424563728285181, 0.035003559476100746, 3.559699368164393]
delta_theta = [0.3892709563720131, -0.03553267562260843, -0.035292557539400075, 0.003144971627156476, -0.027297342286413787]

    [per_method.unet.newton]
    raw_cond = 1.195994117358047e9
    raw_rhs_norm = 219.91623962951365
    weight_matrix_mode = "identity"
    residual_before = 0.5120619621188313
    stability_accepted = true
    line_search_accepted = true
    free_parameters = [1, 2, 3, 4, 5]
    line_search_scale = 0.25
    applied_step = [0.3892709563720131, -0.03553267562260843, -0.035292557539400075, 0.003144971627156476, -0.027297342286413787]
    residual_before_unweighted = 0.5120619621188313
    residual_after = 0.4217863898378319
    line_search_used = true
    stability_checked = true
    active_observables = [1, 2, 3, 4, 5]
    correction_full = [1.5570838254880524, -0.14213070249043372, -0.1411702301576003, 0.012579886508625904, -0.10918936914565515]

[per_method.gaussian]
relative_step = 0.0
observable_residual = 4.286735292480425
observable_residual_unweighted = 4.286735292480425
train_data_path = "/home/ludogio/Documents/JuliaProjects/ScoreUNet1D.jl/scripts/arnold/runs_calibration/run_031/method_gaussian/iter_010/data/train_stochastic.hdf5"
gfdt_data_path = "/home/ludogio/Documents/JuliaProjects/ScoreUNet1D.jl/scripts/arnold/runs_calibration/run_031/method_gaussian/iter_010/data/gfdt_stochastic.hdf5"
jacobian_cond_active_free = 100592.15789442392
checkpoint_path = ""
theta_before = [0.3751, 1.43, -0.01224, -0.002115, 2.75]
theta_proposed = [0.3751, 1.43, -0.01224, -0.002115, 2.75]
delta_theta = [0.0, 0.0, 0.0, 0.0, 0.0]

    [per_method.gaussian.newton]
    raw_cond = 6.65798714403388e8
    raw_rhs_norm = 2478.2795846163704
    weight_matrix_mode = "identity"
    residual_before = 4.306268642132686
    stability_accepted = false
    line_search_accepted = false
    free_parameters = [1, 2, 3, 4, 5]
    line_search_scale = 0.0
    applied_step = [0.0, 0.0, 0.0, 0.0, 0.0]
    residual_before_unweighted = 4.306268642132686
    residual_after = 4.306268642132686
    line_search_used = true
    stability_checked = false
    active_observables = [1, 2, 3, 4, 5]
    correction_full = [2.835369355085543, -5.185293533720781, 0.08106634533470418, 0.05065865071082688, -0.5722274635803417]
