theta_history_length = 19
iteration = 18

[theta]
sigma = 1.4306693900554714
alpha2 = -0.040102636995508485
alpha1 = 0.2872512241446736
alpha3 = 0.006089889041272628
alpha0 = 0.11039366847869303
