theta_history_length = 24
iteration = 23

[theta]
sigma = 1.2935078794671118
alpha2 = -0.01482690620202659
alpha1 = 0.3864807278046004
alpha3 = 0.0008402340451520323
alpha0 = 0.07987326722068369
