theta_history_length = 24
iteration = 23

[theta]
sigma = 1.1974274087988113
alpha2 = -0.021658310808462578
alpha1 = 0.4218258318860598
alpha3 = 0.0007603281030177374
alpha0 = 0.12524828539922808
