theta_history_length = 4
iteration = 3

[theta]
sigma = 2.3507738564983285
alpha2 = -0.09676593796530052
alpha1 = 1.605280295236526
alpha3 = 0.0016341303777108428
alpha0 = 1.3738502020939498
