theta_history_length = 4
iteration = 3

[theta]
sigma = 0.8783770046591683
alpha2 = 0.003061207296640728
alpha1 = 0.45016037421290916
alpha3 = -0.0032332144252190816
alpha0 = 0.22055446399484396
