theta_history_length = 2
iteration = 1

[theta]
sigma = 2.7493137955193716
alpha2 = -0.010915037181590126
alpha1 = 1.4254752253215448
alpha3 = -0.0024102880103608402
alpha0 = 0.3813670791667515
