primary_method_requested = "unet"
observable_residual_primary = 0.0837812517756378
primary_method = "unet"
convergence_metric_primary = 0.013186255767926394
iteration = 7
inactive_methods = []
theta_primary = [1.9652988607053568, 1.8554467574634868, -0.12635577190950892, 0.0009712401317062888, 2.75]

[per_method.unet]
relative_step = 0.013186255767926394
observable_residual = 0.0837812517756378
observable_residual_unweighted = 0.9603809025894752
train_data_path = "/home/ludogio/Documents/JuliaProjects/ScoreUNet1D.jl/scripts/arnold/runs_calibration/run_029/method_unet/iter_007/data/train_stochastic.hdf5"
gfdt_data_path = "/home/ludogio/Documents/JuliaProjects/ScoreUNet1D.jl/scripts/arnold/runs_calibration/run_029/method_unet/iter_007/data/gfdt_stochastic.hdf5"
jacobian_cond_active_free = 2.751164102856073e6
checkpoint_path = "/home/ludogio/Documents/JuliaProjects/ScoreUNet1D.jl/scripts/arnold/runs_calibration/run_029/method_unet/iter_007/model/final_checkpoint.bson"
theta_before = [1.9471064044879012, 1.809350794521806, -0.11487702526250129, 0.00038213816667674594, 2.75]
theta_proposed = [1.9652988607053568, 1.8554467574634868, -0.12635577190950892, 0.0009712401317062888, 2.75]
delta_theta = [-0.018192456217455615, -0.04609596294168093, 0.01147874664700764, -0.0005891019650295429, 0.0]

    [per_method.unet.newton]
    raw_cond = 3.316749328767132e8
    raw_rhs_norm = 14.637423025944313
    weight_matrix_mode = "inverse_cov"
    residual_before = 0.09501536217424836
    stability_accepted = true
    line_search_accepted = true
    free_parameters = [1, 2, 3, 4]
    line_search_scale = 0.5
    applied_step = [-0.018192456217455615, -0.04609596294168093, 0.01147874664700764, -0.0005891019650295429, 0.0]
    residual_before_unweighted = 0.8570879311507374
    residual_after = 0.07616119824113729
    line_search_used = true
    stability_checked = true
    active_observables = [1, 2, 3, 4]
    correction_full = [-0.03638491243491123, -0.09219192588336186, 0.02295749329401528, -0.0011782039300590858, 0.0]
