theta_history_length = 11
iteration = 10

[theta]
sigma = 1.348159496982364
alpha2 = 0.012221616722181342
alpha1 = 0.30419555496633793
alpha3 = 7.514723747161872e-5
alpha0 = -0.24990707624651032
