theta_history_length = 8
iteration = 7

[theta]
sigma = 0.6433904541853304
alpha2 = 0.002961772034604794
alpha1 = 0.3902957902259545
alpha3 = -0.0016005367657773012
alpha0 = 0.36287195384245396
