theta_history_length = 6
iteration = 5

[theta]
sigma = 2.75
alpha2 = -0.21648187966041313
alpha1 = 1.3497965421044535
alpha3 = 0.011038050368828732
alpha0 = 3.6376705354167305
