theta_history_length = 5
iteration = 4

[theta]
sigma = 1.1171032853030587
alpha2 = 0.01984696408086153
alpha1 = 0.40712014550938325
alpha3 = -0.003228294516753685
alpha0 = -0.23957991903072792
