theta_history_length = 24
iteration = 23

[theta]
sigma = 1.4526489459625054
alpha2 = -0.014480554532251189
alpha1 = 0.3365153045901764
alpha3 = 0.0025095562236014117
alpha0 = -0.0988242302903886
