theta_history_length = 5
iteration = 4

[theta]
sigma = 1.0902096832647976
alpha2 = -0.00027424435973610016
alpha1 = 0.37568574922407083
alpha3 = -0.0008215180569650009
alpha0 = 0.060491363844957666
