theta_history_length = 2
iteration = 1

[theta]
sigma = 1.1376168564324713
alpha2 = -0.004504782932142707
alpha1 = 0.3844515691960692
alpha3 = -0.0012373399823996287
alpha0 = 0.22742785790268563
