theta_history_length = 7
iteration = 6

[theta]
sigma = 0.9333078705455573
alpha2 = -0.0020286016854973456
alpha1 = 0.3242683583354894
alpha3 = -0.0004087735277694411
alpha0 = 0.18967831928019827
