theta_history_length = 22
iteration = 21

[theta]
sigma = 1.2693721622432146
alpha2 = -0.014817536160510172
alpha1 = 0.41535931652269864
alpha3 = 0.00033973556592502274
alpha0 = 0.09829814774495751
