theta_history_length = 20
iteration = 19

[theta]
sigma = 1.0550477713778215
alpha2 = -0.04416390076966308
alpha1 = 0.5479716673479069
alpha3 = 0.000631247411145737
alpha0 = 0.2582963922893076
