theta_history_length = 3
iteration = 2

[theta]
sigma = 1.1030742592072489
alpha2 = 0.004558331551035334
alpha1 = 0.35242594202095
alpha3 = -0.0008708332632047025
alpha0 = 0.2894954103988516
