theta_history_length = 2
iteration = 1

[theta]
sigma = 1.0994759226748538
alpha2 = 0.009467939969867094
alpha1 = 0.551227550903573
alpha3 = -0.004671619276871201
alpha0 = 0.08626063621456498
