theta_history_length = 10
iteration = 9

[theta]
sigma = 0.9685903794845615
alpha2 = -0.028488830071163
alpha1 = 0.2754545158618199
alpha3 = 0.0036328739834292786
alpha0 = 0.2037487944613349
