theta_history_length = 11
iteration = 10

[theta]
sigma = 1.0560234093999643
alpha2 = -0.019753471378657586
alpha1 = 0.29522855717844143
alpha3 = 0.0028030297771708037
alpha0 = 0.1256799659528978
