theta_history_length = 3
iteration = 2

[theta]
sigma = 1.1342542883164244
alpha2 = -0.004662389194321963
alpha1 = 0.40361983766319653
alpha3 = -0.0008604147649514733
alpha0 = 0.07900965918214967
