theta_history_length = 6
iteration = 5

[theta]
sigma = 1.133127210189212
alpha2 = -0.00113035531603949
alpha1 = 0.3480358471076314
alpha3 = -0.000285316705507786
alpha0 = 0.24609485395000372
