theta_history_length = 2
iteration = 1

[theta]
sigma = 2.711926483608054
alpha2 = -0.010574221719478147
alpha1 = 1.4417844730399993
alpha3 = -0.002522377753509214
alpha0 = 0.3916216743981839
