theta_history_length = 21
iteration = 20

[theta]
sigma = 1.3379388968129131
alpha2 = -0.019898253953404145
alpha1 = 0.31052922787151577
alpha3 = 0.0033563492027678626
alpha0 = -0.008978001215273868
