theta_history_length = 25
iteration = 24

[theta]
sigma = 2.085907910817023
alpha2 = -0.12004959027084222
alpha1 = 1.5581538976320872
alpha3 = 0.00181168244412314
alpha0 = 2.4201393154921895
