theta_history_length = 17
iteration = 16

[theta]
sigma = 1.0020080133017448
alpha2 = -0.06981246644995759
alpha1 = 0.3036404400917968
alpha3 = 0.008712962382999938
alpha0 = 0.33298952994448106
