theta_history_length = 2
iteration = 1

[theta]
sigma = 1.0825667756572575
alpha2 = -0.00684316429690318
alpha1 = 0.43742477506075716
alpha3 = -0.0025167304803903135
alpha0 = 0.15200738390385457
