theta_history_length = 23
iteration = 22

[theta]
sigma = 2.1487186190199465
alpha2 = -0.10617412190949879
alpha1 = 1.564400066130469
alpha3 = 0.0007837489297303581
alpha0 = 2.2308240202976775
