theta_history_length = 12
iteration = 11

[theta]
sigma = 1.0571522297909381
alpha2 = -0.0046839221427151445
alpha1 = 0.3783327325111247
alpha3 = -0.00035833057990070864
alpha0 = 0.07826113821686871
