theta_history_length = 5
iteration = 4

[theta]
sigma = 1.0708487923788608
alpha2 = -0.009496003646744118
alpha1 = 0.33761297462891027
alpha3 = 3.3304673894976536e-5
alpha0 = 0.14417324700898654
