theta_history_length = 8
iteration = 7

[theta]
sigma = 1.307875775955004
alpha2 = -0.024657481290072548
alpha1 = 0.2864783946748238
alpha3 = 0.003925703094436265
alpha0 = -0.010650816303407615
