theta_history_length = 2
iteration = 1

[theta]
sigma = 0.8986516726685437
alpha2 = -0.00017370600551664533
alpha1 = 0.37362287100660985
alpha3 = -0.0008328379720673171
alpha0 = 0.23650235077765436
