theta_history_length = 13
iteration = 12

[theta]
sigma = 1.3477812045735755
alpha2 = -0.027262606894063852
alpha1 = 0.27724474147232564
alpha3 = 0.0045304438117083606
alpha0 = 0.12479407216437816
