theta_history_length = 6
iteration = 5

[theta]
sigma = 2.617103128830403
alpha2 = -0.055197593117911746
alpha1 = 1.6227418556238216
alpha3 = -0.0012826171987058055
alpha0 = 0.5952083456569911
