theta_history_length = 23
iteration = 22

[theta]
sigma = 1.4926744134595633
alpha2 = -0.01679274559684757
alpha1 = 0.43475519831740145
alpha3 = 0.0003345709401972702
alpha0 = -0.007805245445399275
