primary_method_requested = "unet"
observable_residual_primary = 1.4581349062458837
primary_method = "unet"
convergence_metric_primary = 0.4814786770770056
iteration = 2
inactive_methods = []
theta_primary = [1.948713743962838, 1.7894129502919929, -0.16514382151077386, 0.004937720136109797, 2.2878877060586236]

[per_method.unet]
relative_step = 0.4814786770770056
observable_residual = 1.4581349062458837
observable_residual_unweighted = 1.4581349062458837
train_data_path = "/home/ludogio/Documents/JuliaProjects/ScoreUNet1D.jl/scripts/arnold/runs_calibration/run_030/method_unet/iter_002/data/train_stochastic.hdf5"
gfdt_data_path = "/home/ludogio/Documents/JuliaProjects/ScoreUNet1D.jl/scripts/arnold/runs_calibration/run_030/method_unet/iter_002/data/gfdt_stochastic.hdf5"
jacobian_cond_active_free = 144033.87808429543
checkpoint_path = "/home/ludogio/Documents/JuliaProjects/ScoreUNet1D.jl/scripts/arnold/runs_calibration/run_030/method_unet/iter_002/model/final_checkpoint.bson"
theta_before = [0.3751, 1.43, -0.01224, -0.002115, 2.75]
theta_proposed = [1.948713743962838, 1.7894129502919929, -0.16514382151077386, 0.004937720136109797, 2.2878877060586236]
delta_theta = [-1.573613743962838, -0.3594129502919929, 0.15290382151077386, -0.007052720136109796, 0.46211229394137654]

    [per_method.unet.newton]
    raw_cond = 2.6487818081982083e9
    raw_rhs_norm = 7312.197139946018
    weight_matrix_mode = "identity"
    residual_before = 4.393962230525902
    stability_accepted = true
    line_search_accepted = true
    free_parameters = [1, 2, 3, 4, 5]
    line_search_scale = 0.5
    applied_step = [-1.573613743962838, -0.3594129502919929, 0.15290382151077386, -0.007052720136109796, 0.46211229394137654]
    residual_before_unweighted = 4.393962230525902
    residual_after = 1.4605847180547016
    line_search_used = true
    stability_checked = true
    active_observables = [1, 2, 3, 4, 5]
    correction_full = [-3.147227487925676, -0.7188259005839858, 0.3058076430215477, -0.014105440272219593, 0.9242245878827531]
