theta_history_length = 3
iteration = 2

[theta]
sigma = 0.8686164177964585
alpha2 = 0.006297033886108459
alpha1 = 0.46222885427498744
alpha3 = -0.0038076384375746388
alpha0 = 0.20789775615211736
