theta_history_length = 2
iteration = 1

[theta]
sigma = 1.0359301191171504
alpha2 = -0.001499904356723176
alpha1 = 0.36713643770258964
alpha3 = -0.0007442647642704568
alpha0 = 0.21221347807993823
