theta_history_length = 2
iteration = 1

[theta]
sigma = 1.2088526968265954
alpha2 = 0.0004892514248536293
alpha1 = 0.40606871945711565
alpha3 = -0.0008955356316726972
alpha0 = 0.18656746888015013
