theta_history_length = 8
iteration = 7

[theta]
sigma = 1.247889693191555
alpha2 = 0.0024294759834714305
alpha1 = 0.37389001778434783
alpha3 = -0.0006633588318168447
alpha0 = 0.22492899165092445
