theta_history_length = 25
iteration = 24

[theta]
sigma = 1.2939074059758087
alpha2 = -0.020335047294750608
alpha1 = 0.41192067840943536
alpha3 = 0.0008346777876513665
alpha0 = 0.12056215967079963
