theta_history_length = 15
iteration = 14

[theta]
sigma = 1.1639597671248636
alpha2 = -0.01190976361749332
alpha1 = 0.3934685758068457
alpha3 = 0.0002258031943880352
alpha0 = 0.12960075875677932
