theta_history_length = 12
iteration = 11

[theta]
sigma = 1.2370928073015883
alpha2 = -0.012064794619823151
alpha1 = 0.4144267673524986
alpha3 = 3.412215578790609e-5
alpha0 = 0.04496110726029752
