theta_history_length = 15
iteration = 14

[theta]
sigma = 1.012540947081624
alpha2 = -0.06450497234244518
alpha1 = 0.23617044795958436
alpha3 = 0.009393824581025645
alpha0 = 0.34022530677889745
