theta_history_length = 4
iteration = 3

[theta]
sigma = 0.9194350102570396
alpha2 = 0.018522127508395506
alpha1 = 0.33544202291913433
alpha3 = -0.002540475693803958
alpha0 = -0.07092005076432023
