theta_history_length = 7
iteration = 6

[theta]
sigma = 1.5374917890922233
alpha2 = -0.011998588878773317
alpha1 = 0.34405742164347447
alpha3 = 0.0012886163256722607
alpha0 = -0.036968634820675306
