theta_history_length = 4
iteration = 3

[theta]
sigma = 1.0231884800654085
alpha2 = -0.0020330035019581584
alpha1 = 0.3829766372386371
alpha3 = -0.0009480688862745798
alpha0 = 0.10131800588083134
