theta_history_length = 5
iteration = 4

[theta]
sigma = 0.9949254191554
alpha2 = 0.028696548958597627
alpha1 = 0.3159210275630211
alpha3 = -0.002476616261882909
alpha0 = -0.2841397782848796
