theta_history_length = 9
iteration = 8

[theta]
sigma = 1.310509039728233
alpha2 = -0.0009656758791895675
alpha1 = 0.2752280686400586
alpha3 = 0.0019518403965640457
alpha0 = -0.21528837045887142
