theta_history_length = 11
iteration = 10

[theta]
sigma = 0.9809565295085712
alpha2 = 0.04045283908064986
alpha1 = 0.38620903388715233
alpha3 = -0.004962411116733915
alpha0 = -0.373075349856216
