theta_history_length = 10
iteration = 9

[theta]
sigma = 1.0868482370517494
alpha2 = -0.0053171552477072805
alpha1 = 0.381836973640309
alpha3 = -0.0003072276639052159
alpha0 = 0.07730113431865433
