theta_history_length = 2
iteration = 1

[theta]
sigma = 1.0548654758461995
alpha2 = -0.0013943000096682872
alpha1 = 0.38781215079489995
alpha3 = -0.0010026714347474068
alpha0 = 0.1831586236149075
