theta_history_length = 19
iteration = 18

[theta]
sigma = 1.5638069585978525
alpha2 = -0.015766326079039227
alpha1 = 0.4679345730101692
alpha3 = 0.00012073951050500632
alpha0 = -0.07037749286669179
