theta_history_length = 3
iteration = 2

[theta]
sigma = 2.75
alpha2 = -0.4687384189768489
alpha1 = 1.7166321281892207
alpha3 = 0.02848417492955333
alpha0 = 5.832381942347558
