theta_history_length = 25
iteration = 24

[theta]
sigma = 1.406252186637607
alpha2 = 0.00727947214450103
alpha1 = 0.42168569444353465
alpha3 = -0.0014260265174002008
alpha0 = -0.2730628787365032
