theta_history_length = 3
iteration = 2

[theta]
sigma = 1.3100764650246233
alpha2 = -0.008581202185821306
alpha1 = 0.4160632920707888
alpha3 = -0.00047979991870352747
alpha0 = -0.2167533092629483
