primary_method_requested = "unet"
observable_residual_primary = 0.10754539974009909
primary_method = "unet"
convergence_metric_primary = 0.22662777403053377
iteration = 3
inactive_methods = []
theta_primary = [1.6631225541485897, 1.772148100497582, -0.12874724998982948, 0.0020853230399844797, 2.75]

[per_method.unet]
relative_step = 0.22662777403053377
observable_residual = 0.10754539974009909
observable_residual_unweighted = 1.1763207871681207
train_data_path = "/home/ludogio/Documents/JuliaProjects/ScoreUNet1D.jl/scripts/arnold/runs_calibration/run_029/method_unet/iter_003/data/train_stochastic.hdf5"
gfdt_data_path = "/home/ludogio/Documents/JuliaProjects/ScoreUNet1D.jl/scripts/arnold/runs_calibration/run_029/method_unet/iter_003/data/gfdt_stochastic.hdf5"
jacobian_cond_active_free = 22014.975095224767
checkpoint_path = "/home/ludogio/Documents/JuliaProjects/ScoreUNet1D.jl/scripts/arnold/runs_calibration/run_029/method_unet/iter_003/model/final_checkpoint.bson"
theta_before = [0.8352737021351948, 1.715612246003458, -0.06491113425105449, -0.0018613968274259003, 2.75]
theta_proposed = [1.6631225541485897, 1.772148100497582, -0.12874724998982948, 0.0020853230399844797, 2.75]
delta_theta = [-0.8278488520133948, -0.05653585449412412, 0.06383611573877498, -0.00394671986741038, 0.0]

    [per_method.unet.newton]
    raw_cond = 1.495887316153287e8
    raw_rhs_norm = 13.385243029791722
    weight_matrix_mode = "inverse_cov"
    residual_before = 0.11061006163241509
    stability_accepted = true
    line_search_accepted = true
    free_parameters = [1, 2, 3, 4]
    line_search_scale = 0.5
    applied_step = [-0.8278488520133948, -0.05653585449412412, 0.06383611573877498, -0.00394671986741038, 0.0]
    residual_before_unweighted = 1.3296318505515161
    residual_after = 0.09340045439484491
    line_search_used = true
    stability_checked = true
    active_observables = [1, 2, 3, 4]
    correction_full = [-1.6556977040267895, -0.11307170898824824, 0.12767223147754997, -0.00789343973482076, 0.0]
