theta_history_length = 13
iteration = 12

[theta]
sigma = 1.0113312186241494
alpha2 = -0.04072728186107792
alpha1 = 0.2534777047220559
alpha3 = 0.005778269585350318
alpha0 = 0.27643341182889547
