theta_history_length = 16
iteration = 15

[theta]
sigma = 1.359935306874013
alpha2 = -0.007851436776382482
alpha1 = 0.3970968101124018
alpha3 = -2.987879764909776e-5
alpha0 = 0.025430644778591825
