theta_history_length = 6
iteration = 5

[theta]
sigma = 0.9588628817158595
alpha2 = 0.014884731476536451
alpha1 = 0.2982049432206417
alpha3 = -0.0008218508938852181
alpha0 = -0.20227167641585364
