theta_history_length = 2
iteration = 1

[theta]
sigma = 1.0359301191171504
alpha2 = -0.004671700300705766
alpha1 = 0.3747513753812829
alpha3 = -0.0010068724776847375
alpha0 = 0.2700154412778321
