theta_history_length = 7
iteration = 6

[theta]
sigma = 0.9627759766537827
alpha2 = -0.004304786459302049
alpha1 = 0.30334239494405746
alpha3 = 0.0011003705474026862
alpha0 = -0.044459620040505854
