primary_method_requested = "unet"
observable_residual_primary = 1.2645438837843348
primary_method = "unet"
convergence_metric_primary = 0.0
iteration = 6
inactive_methods = []
theta_primary = [2.029322145971123, 1.5337210926868463, -0.12842952030086707, 0.0035936067115473463, 1.196867336070552]

[per_method.unet]
relative_step = 0.0
observable_residual = 1.2645438837843348
observable_residual_unweighted = 1.2645438837843348
train_data_path = "/home/ludogio/Documents/JuliaProjects/ScoreUNet1D.jl/scripts/arnold/runs_calibration/run_030/method_unet/iter_006/data/train_stochastic.hdf5"
gfdt_data_path = "/home/ludogio/Documents/JuliaProjects/ScoreUNet1D.jl/scripts/arnold/runs_calibration/run_030/method_unet/iter_006/data/gfdt_stochastic.hdf5"
jacobian_cond_active_free = 6.957882511387999e6
checkpoint_path = "/home/ludogio/Documents/JuliaProjects/ScoreUNet1D.jl/scripts/arnold/runs_calibration/run_030/method_unet/iter_006/model/final_checkpoint.bson"
theta_before = [2.029322145971123, 1.5337210926868463, -0.12842952030086707, 0.0035936067115473463, 1.196867336070552]
theta_proposed = [2.029322145971123, 1.5337210926868463, -0.12842952030086707, 0.0035936067115473463, 1.196867336070552]
delta_theta = [0.0, 0.0, 0.0, 0.0, 0.0]

    [per_method.unet.newton]
    raw_cond = 7.241173834175282e9
    raw_rhs_norm = 889.7806248562109
    weight_matrix_mode = "identity"
    residual_before = 1.2788674395655528
    stability_accepted = false
    line_search_accepted = false
    free_parameters = [1, 2, 3, 4, 5]
    line_search_scale = 0.0
    applied_step = [0.0, 0.0, 0.0, 0.0, 0.0]
    residual_before_unweighted = 1.2788674395655528
    residual_after = 1.2788674395655528
    line_search_used = true
    stability_checked = false
    active_observables = [1, 2, 3, 4, 5]
    correction_full = [-7.447329977259173, -0.2550242621866808, 0.5499363406122431, -0.03771693372405605, 3.2001226031330847]
