theta_history_length = 6
iteration = 5

[theta]
sigma = 1.2016664823741294
alpha2 = 0.0013502232129040358
alpha1 = 0.3711397969516634
alpha3 = -0.00076553466758369
alpha0 = -0.059058273168283104
