theta_history_length = 3
iteration = 2

[theta]
sigma = 1.0739296064384714
alpha2 = 0.004166357367810039
alpha1 = 0.45096344974069047
alpha3 = -0.0032552207054489584
alpha0 = 0.009721142319757611
