theta_history_length = 2
iteration = 1

[theta]
sigma = 1.026331920949574
alpha2 = 0.00028347390804926535
alpha1 = 0.42931721640835063
alpha3 = -0.00232875706002781
alpha0 = 0.05764188347134823
