theta_history_length = 8
iteration = 7

[theta]
sigma = 1.0052326417789503
alpha2 = -0.010290830168964125
alpha1 = 0.494422906060611
alpha3 = -0.0017147150826254823
alpha0 = 0.0556716740416108
