theta_history_length = 9
iteration = 8

[theta]
sigma = 1.083227788139533
alpha2 = -0.04352616410397473
alpha1 = 0.30379617552975896
alpha3 = 0.005126493302470439
alpha0 = 0.3168518953626474
