theta_history_length = 14
iteration = 13

[theta]
sigma = 1.3930903378795592
alpha2 = -0.016215777222853382
alpha1 = 0.2631025107670274
alpha3 = 0.0037488912622907693
alpha0 = 0.025616494028392986
