theta_history_length = 23
iteration = 22

[theta]
sigma = 1.4011883077395277
alpha2 = -0.012883679092175653
alpha1 = 0.36359426178639564
alpha3 = 0.0015410400275203387
alpha0 = -0.03243732326698892
