theta_history_length = 6
iteration = 5

[theta]
sigma = 1.2473526583889687
alpha2 = -0.010657674524515557
alpha1 = 0.32293848041354756
alpha3 = 0.0005140054505028953
alpha0 = 0.17541849693986156
