theta_history_length = 20
iteration = 19

[theta]
sigma = 1.3497513234989589
alpha2 = -0.04515052084347272
alpha1 = 0.33279886675231624
alpha3 = 0.005484297531340165
alpha0 = 0.20828892967252627
