theta_history_length = 2
iteration = 1

[theta]
sigma = 1.234584572546131
alpha2 = -0.0005232309281733051
alpha1 = 0.36980579223046833
alpha3 = -0.000951169086726824
alpha0 = 0.2106575272752175
