theta_history_length = 6
iteration = 5

[theta]
sigma = 2.5761373809350054
alpha2 = -0.20269391120631325
alpha1 = 1.2959039338904825
alpha3 = 0.010135050967835447
alpha0 = 3.7211555072306544
