theta_history_length = 8
iteration = 7

[theta]
sigma = 2.548569605437711
alpha2 = -0.0700140626130816
alpha1 = 1.641800233355654
alpha3 = -0.00043766700663277797
alpha0 = 0.7089511273074431
