theta_history_length = 8
iteration = 7

[theta]
sigma = 2.75
alpha2 = -0.10772396195372584
alpha1 = 1.731957911663531
alpha3 = 0.001141103158698443
alpha0 = 1.5292346369323415
