theta_history_length = 11
iteration = 10

[theta]
sigma = 1.0066394264913747
alpha2 = -0.007245827343970144
alpha1 = 0.22421166300678916
alpha3 = 0.003096486836595707
alpha0 = -0.013488762125151404
