theta_history_length = 22
iteration = 21

[theta]
sigma = 1.341295500943561
alpha2 = -0.0147562028266322
alpha1 = 0.3476287773057624
alpha3 = 0.0018704733863441408
alpha0 = 0.006864425541687289
