theta_history_length = 2
iteration = 1

[theta]
sigma = 0.9790371390334225
alpha2 = 0.010246510072760884
alpha1 = 0.4648969770458309
alpha3 = -0.003519679140254731
alpha0 = -0.09592159323260158
