theta_history_length = 26
iteration = 25

[theta]
sigma = 1.4259739243500245
alpha2 = -0.017306892753742836
alpha1 = 0.3198483504280768
alpha3 = 0.002966256161511359
alpha0 = -0.07206073701052204
