theta_history_length = 5
iteration = 4

[theta]
sigma = 1.1506665190320564
alpha2 = -0.014591766034614422
alpha1 = 0.40192388595022993
alpha3 = -0.00017786322104281708
alpha0 = 0.15744876997506385
