theta_history_length = 7
iteration = 6

[theta]
sigma = 1.1143341205362636
alpha2 = 0.007199852432136074
alpha1 = 0.49979704236295486
alpha3 = -0.00381894358918531
alpha0 = -0.04852486525904692
