theta_history_length = 3
iteration = 2

[theta]
sigma = 2.427428647198531
alpha2 = -0.07350705214794256
alpha1 = 1.5725703978435284
alpha3 = 0.00031113200713177736
alpha0 = 1.113830893680031
