primary_method_requested = "unet"
observable_residual_primary = 1.319208078169184
primary_method = "unet"
convergence_metric_primary = 0.0
iteration = 20
inactive_methods = []
theta_primary = [2.0003591623500414, 1.574660233675996, -0.09609111461729579, 0.00014947729681572507, 2.3444901848874693]

[per_method.unet]
relative_step = 0.0
observable_residual = 1.319208078169184
observable_residual_unweighted = 1.319208078169184
train_data_path = "/home/ludogio/Documents/JuliaProjects/ScoreUNet1D.jl/scripts/arnold/runs_calibration/run_030/method_unet/iter_020/data/train_stochastic.hdf5"
gfdt_data_path = "/home/ludogio/Documents/JuliaProjects/ScoreUNet1D.jl/scripts/arnold/runs_calibration/run_030/method_unet/iter_020/data/gfdt_stochastic.hdf5"
jacobian_cond_active_free = 2.133651088842819e6
checkpoint_path = "/home/ludogio/Documents/JuliaProjects/ScoreUNet1D.jl/scripts/arnold/runs_calibration/run_030/method_unet/iter_020/model/final_checkpoint.bson"
theta_before = [2.0003591623500414, 1.574660233675996, -0.09609111461729579, 0.00014947729681572507, 2.3444901848874693]
theta_proposed = [2.0003591623500414, 1.574660233675996, -0.09609111461729579, 0.00014947729681572507, 2.3444901848874693]
delta_theta = [0.0, 0.0, 0.0, 0.0, 0.0]

    [per_method.unet.newton]
    raw_cond = 2.261812902247339e10
    raw_rhs_norm = 5469.983071000372
    weight_matrix_mode = "identity"
    residual_before = 1.3589632161612732
    stability_accepted = false
    line_search_accepted = false
    free_parameters = [1, 2, 3, 4, 5]
    line_search_scale = 0.0
    applied_step = [0.0, 0.0, 0.0, 0.0, 0.0]
    residual_before_unweighted = 1.3589632161612732
    residual_after = 1.3589632161612732
    line_search_used = true
    stability_checked = false
    active_observables = [1, 2, 3, 4, 5]
    correction_full = [-5.875187606576613, -0.39609229303927806, 0.41398978656235247, -0.025607615532617298, 1.2480682276320982]
