theta_history_length = 12
iteration = 11

[theta]
sigma = 1.060421840515589
alpha2 = -0.03507493795365865
alpha1 = 0.2642053674734308
alpha3 = 0.004896855164135908
alpha0 = 0.2521409676063302
