theta_history_length = 6
iteration = 5

[theta]
sigma = 1.4127621964429433
alpha2 = -3.902355423282252
alpha1 = 7.558118714488059
alpha3 = 0.5291197556370573
alpha0 = 2.5532745167022046
