theta_history_length = 8
iteration = 7

[theta]
sigma = 1.0534936931968701
alpha2 = -0.007651379001985989
alpha1 = 0.30053915360842354
alpha3 = 0.001649101080237181
alpha0 = -0.003113492605311346
