theta_history_length = 9
iteration = 8

[theta]
sigma = 1.0359301191171504
alpha2 = 0.0005974058601290909
alpha1 = 0.32292513607463463
alpha3 = -0.00037453875891880594
alpha0 = 0.27922399500764256
