theta_history_length = 2
iteration = 1

[theta]
sigma = 2.700882082370042
alpha2 = -0.011465313340289003
alpha1 = 1.4396477555370715
alpha3 = -0.002405497494067984
alpha0 = 0.37776147475066585
