theta_history_length = 7
iteration = 6

[theta]
sigma = 1.1644396012361173
alpha2 = 0.006706315819165005
alpha1 = 0.35403498791032384
alpha3 = -0.0008427289883873605
alpha0 = 0.2098964882485329
