theta_history_length = 2
iteration = 1

[theta]
sigma = 1.0531449433143467
alpha2 = 0.0001360149075283791
alpha1 = 0.4622556584856866
alpha3 = -0.0033407283838882214
alpha0 = 0.09665286010768165
