theta_history_length = 8
iteration = 7

[theta]
sigma = 0.981957731452269
alpha2 = -0.00864669597344083
alpha1 = 0.33893589031152976
alpha3 = 0.0007559490735883267
alpha0 = 0.05221144285913218
