theta_history_length = 11
iteration = 10

[theta]
sigma = 1.140205364190537
alpha2 = -0.004787337089464504
alpha1 = 0.3764885337428599
alpha3 = -0.00023166378970281064
alpha0 = 0.06432379650143343
