theta_history_length = 7
iteration = 6

[theta]
sigma = 1.281599369531389
alpha2 = -0.0024970809086192307
alpha1 = 0.39640761765572796
alpha3 = -0.0005950842115629579
alpha0 = 0.00042973512977725545
