theta_history_length = 19
iteration = 18

[theta]
sigma = 1.112503036319058
alpha2 = -0.04444754442467707
alpha1 = 0.5480941506628448
alpha3 = 0.000819554906286481
alpha0 = 0.23215041175045945
