theta_history_length = 2
iteration = 1

[theta]
sigma = 2.699537225833374
alpha2 = -0.010986464039899472
alpha1 = 1.4368748963170932
alpha3 = -0.0024171714577187952
alpha0 = 0.37504655473633597
