theta_history_length = 24
iteration = 23

[theta]
sigma = 1.0876693102918722
alpha2 = -0.03604617487691128
alpha1 = 0.6079145310194367
alpha3 = -0.0016105960286788017
alpha0 = 0.3591966506769459
