primary_method_requested = "unet"
observable_residual_primary = 1.6043860661005138
primary_method = "unet"
convergence_metric_primary = 0.15485123962367475
iteration = 25
inactive_methods = []
theta_primary = [2.9710053463398594, 1.6018588621265124, -0.15461509026188444, 0.00369300027794425, 1.8616271709419818]

[per_method.unet]
relative_step = 0.15485123962367475
observable_residual = 1.6043860661005138
observable_residual_unweighted = 1.6043860661005138
train_data_path = "/home/ludogio/Documents/JuliaProjects/ScoreUNet1D.jl/scripts/arnold/runs_calibration/run_030/method_unet/iter_025/data/train_stochastic.hdf5"
gfdt_data_path = "/home/ludogio/Documents/JuliaProjects/ScoreUNet1D.jl/scripts/arnold/runs_calibration/run_030/method_unet/iter_025/data/gfdt_stochastic.hdf5"
jacobian_cond_active_free = 488353.1106294969
checkpoint_path = "/home/ludogio/Documents/JuliaProjects/ScoreUNet1D.jl/scripts/arnold/runs_calibration/run_030/method_unet/iter_025/model/final_checkpoint.bson"
theta_before = [2.4201393154921895, 1.5581538976320872, -0.12004959027084222, 0.00181168244412314, 2.085907910817023]
theta_proposed = [2.9710053463398594, 1.6018588621265124, -0.15461509026188444, 0.00369300027794425, 1.8616271709419818]
delta_theta = [-0.5508660308476699, -0.043704964494425125, 0.03456549999104221, -0.0018813178338211102, 0.22428073987504113]

    [per_method.unet.newton]
    raw_cond = 1.4590075457498049e10
    raw_rhs_norm = 5107.31479818373
    weight_matrix_mode = "identity"
    residual_before = 1.5866971236707017
    stability_accepted = true
    line_search_accepted = true
    free_parameters = [1, 2, 3, 4, 5]
    line_search_scale = 0.125
    applied_step = [-0.5508660308476699, -0.043704964494425125, 0.03456549999104221, -0.0018813178338211102, 0.22428073987504113]
    residual_before_unweighted = 1.5866971236707017
    residual_after = 1.327715758466933
    line_search_used = true
    stability_checked = true
    active_observables = [1, 2, 3, 4, 5]
    correction_full = [-4.4069282467813595, -0.349639715955401, 0.2765239999283377, -0.015050542670568882, 1.794245919000329]
