theta_history_length = 26
iteration = 25

[theta]
sigma = 1.8616271709419818
alpha2 = -0.15461509026188444
alpha1 = 1.6018588621265124
alpha3 = 0.00369300027794425
alpha0 = 2.9710053463398594
