primary_method_requested = "unet"
observable_residual_primary = 1.3200898853706646
primary_method = "unet"
convergence_metric_primary = 0.2812873877780131
iteration = 18
inactive_methods = []
theta_primary = [2.0003591623500414, 1.574660233675996, -0.09609111461729579, 0.00014947729681572507, 2.3444901848874693]

[per_method.unet]
relative_step = 0.2812873877780131
observable_residual = 1.3200898853706646
observable_residual_unweighted = 1.3200898853706646
train_data_path = "/home/ludogio/Documents/JuliaProjects/ScoreUNet1D.jl/scripts/arnold/runs_calibration/run_030/method_unet/iter_018/data/train_stochastic.hdf5"
gfdt_data_path = "/home/ludogio/Documents/JuliaProjects/ScoreUNet1D.jl/scripts/arnold/runs_calibration/run_030/method_unet/iter_018/data/gfdt_stochastic.hdf5"
jacobian_cond_active_free = 6.732318174932134e6
checkpoint_path = "/home/ludogio/Documents/JuliaProjects/ScoreUNet1D.jl/scripts/arnold/runs_calibration/run_030/method_unet/iter_018/model/final_checkpoint.bson"
theta_before = [2.932191528744533, 1.658122093528779, -0.17495830811091667, 0.005313440439865928, 2.0858257833567366]
theta_proposed = [2.0003591623500414, 1.574660233675996, -0.09609111461729579, 0.00014947729681572507, 2.3444901848874693]
delta_theta = [0.9318323663944919, 0.08346185985278287, -0.07886719349362088, 0.005163963143050203, -0.25866440153073283]

    [per_method.unet.newton]
    raw_cond = 9.178519239316895e9
    raw_rhs_norm = 2943.8036830923097
    weight_matrix_mode = "identity"
    residual_before = 1.2582855359530303
    stability_accepted = true
    line_search_accepted = true
    free_parameters = [1, 2, 3, 4, 5]
    line_search_scale = 0.25
    applied_step = [0.9318323663944919, 0.08346185985278287, -0.07886719349362088, 0.005163963143050203, -0.25866440153073283]
    residual_before_unweighted = 1.2582855359530303
    residual_after = 1.0955723083531672
    line_search_used = true
    stability_checked = true
    active_observables = [1, 2, 3, 4, 5]
    correction_full = [3.7273294655779674, 0.3338474394111315, -0.31546877397448353, 0.020655852572200813, -1.0346576061229313]
