theta_history_length = 4
iteration = 3

[theta]
sigma = 1.2134137721935916
alpha2 = -0.00033081611489783197
alpha1 = 0.3626924271213196
alpha3 = -0.00042296370577199667
alpha0 = 0.16582300804881023
