theta_history_length = 15
iteration = 14

[theta]
sigma = 1.101059483931809
alpha2 = 0.04271527467970171
alpha1 = 0.4225223641645196
alpha3 = -0.005734706070516576
alpha0 = -0.3899013020197556
