theta_history_length = 3
iteration = 2

[theta]
sigma = 1.0359301191171504
alpha2 = 0.00015548091794527139
alpha1 = 0.34223445560694676
alpha3 = -0.0005122490502470091
alpha0 = 0.23560599098964322
