theta_history_length = 4
iteration = 3

[theta]
sigma = 1.18001864730985
alpha2 = 0.0047052750833569724
alpha1 = 0.36599243400767045
alpha3 = -0.0006568866618123644
alpha0 = 0.23848607890644824
