theta_history_length = 2
iteration = 1

[theta]
sigma = 1.1225002291776307
alpha2 = -0.008000383807533045
alpha1 = 0.40686524243971006
alpha3 = -0.0006804164419468401
alpha0 = -0.06838190613997017
