theta_history_length = 2
iteration = 1

[theta]
sigma = 1.2740585567588776
alpha2 = -0.002961312607931219
alpha1 = 0.36117234637467793
alpha3 = -0.00048608366627739675
alpha0 = 0.055965562173067335
