theta_history_length = 2
iteration = 1

[theta]
sigma = 0.9964031389589584
alpha2 = -0.005135486449730704
alpha1 = 0.4425692744206798
alpha3 = -0.0016253669709122124
alpha0 = 0.11594359568810894
