primary_method_requested = "unet"
observable_residual_primary = 1.0344862023482515
primary_method = "unet"
convergence_metric_primary = 0.0
iteration = 9
inactive_methods = []
theta_primary = [1.073193009904601, 1.4075908530818078, -0.04179571283753561, -0.0020595602872223026, 1.1967991621628602]

[per_method.unet]
relative_step = 0.0
observable_residual = 1.0344862023482515
observable_residual_unweighted = 1.0344862023482515
train_data_path = "/home/ludogio/Documents/JuliaProjects/ScoreUNet1D.jl/scripts/arnold/runs_calibration/run_030/method_unet/iter_009/data/train_stochastic.hdf5"
gfdt_data_path = "/home/ludogio/Documents/JuliaProjects/ScoreUNet1D.jl/scripts/arnold/runs_calibration/run_030/method_unet/iter_009/data/gfdt_stochastic.hdf5"
jacobian_cond_active_free = 1.826930302554607e6
checkpoint_path = "/home/ludogio/Documents/JuliaProjects/ScoreUNet1D.jl/scripts/arnold/runs_calibration/run_030/method_unet/iter_009/model/final_checkpoint.bson"
theta_before = [1.073193009904601, 1.4075908530818078, -0.04179571283753561, -0.0020595602872223026, 1.1967991621628602]
theta_proposed = [1.073193009904601, 1.4075908530818078, -0.04179571283753561, -0.0020595602872223026, 1.1967991621628602]
delta_theta = [0.0, 0.0, 0.0, 0.0, 0.0]

    [per_method.unet.newton]
    raw_cond = 9.727479188933422e9
    raw_rhs_norm = 1957.5435692015194
    weight_matrix_mode = "identity"
    residual_before = 1.2002526279690005
    stability_accepted = false
    line_search_accepted = false
    free_parameters = [1, 2, 3, 4, 5]
    line_search_scale = 0.0
    applied_step = [0.0, 0.0, 0.0, 0.0, 0.0]
    residual_before_unweighted = 1.2002526279690005
    residual_after = 1.2002526279690005
    line_search_used = true
    stability_checked = false
    active_observables = [1, 2, 3, 4, 5]
    correction_full = [-3.6530199095376266, 1.9193386504346948, 0.386348993675874, -0.05029448654554691, -6.218276145651891]
