free_parameters = [1, 2, 3, 4, 5]
iterations = 7
run_dir = "/home/ludogio/Documents/JuliaProjects/ScoreUNet1D.jl/scripts/arnold/runs_calibration/run_016"
converged = true
convergence_metric = 0.0
obs_residual_primary = 0.6137500029315017
active_observables = [1, 2, 3, 4, 5]

[final_theta]
sigma = 2.0390349484264307
alpha2 = -0.4677886515204695
alpha1 = 1.632720647005332
alpha3 = 0.027927304089748882
alpha0 = 6.3423210188407975

[methods]
primary = "unet"
unet = true
finite_difference = true
gaussian = true

[target_observables]
phi3_mean_x_xm1 = 14.572647810292917
phi5_mean_x_xm3 = 11.068624418867353
phi2_mean_x2 = 40.28824270992613
phi1_mean_x = 3.7713681692523604
phi4_mean_x_xm2 = 2.242197787908684
