theta_history_length = 9
iteration = 8

[theta]
sigma = 1.1329339728708063
alpha2 = -0.006848848184983774
alpha1 = 0.3922405961532665
alpha3 = -0.0003615493307822902
alpha0 = 0.05871859187962282
