theta_history_length = 2
iteration = 1

[theta]
sigma = 2.698329331699669
alpha2 = -0.010051565523051205
alpha1 = 1.4374317435925452
alpha3 = -0.0024992683975047516
alpha0 = 0.3670942068986175
