theta_history_length = 25
iteration = 24

[theta]
sigma = 1.1378748807454155
alpha2 = -0.06891243548986059
alpha1 = 0.5262520256318249
alpha3 = 0.0037312850809161696
alpha0 = 0.4405756429233266
