theta_history_length = 13
iteration = 12

[theta]
sigma = 1.1287843974194869
alpha2 = -0.004789590394234044
alpha1 = 0.3818256193978082
alpha3 = -0.00035531573811526914
alpha0 = 0.05154030433045177
