theta_history_length = 25
iteration = 24

[theta]
sigma = 1.311759170407201
alpha2 = -0.015576675489059243
alpha1 = 0.38156128257656563
alpha3 = 0.0009706530051177056
alpha0 = 0.12834807677337254
