theta_history_length = 3
iteration = 2

[theta]
sigma = 0.8367258351677387
alpha2 = -0.003198539176559377
alpha1 = 0.34922205079955865
alpha3 = -0.0005466436226464044
alpha0 = 0.23084168100381747
