theta_history_length = 13
iteration = 12

[theta]
sigma = 1.0898846923774341
alpha2 = 0.029810307295221765
alpha1 = 0.2846973139133522
alpha3 = -0.001581597364551883
alpha0 = -0.3406686586889947
