theta_history_length = 24
iteration = 23

[theta]
sigma = 1.077838302185903
alpha2 = -0.06816529260364618
alpha1 = 0.5058729139327358
alpha3 = 0.003953129123176559
alpha0 = 0.43699002333562686
