theta_history_length = 13
iteration = 12

[theta]
sigma = 1.1767604806099268
alpha2 = -0.012802246294262572
alpha1 = 0.4131382644969549
alpha3 = 8.250493516972103e-5
alpha0 = 0.06666342737018005
