theta_history_length = 3
iteration = 2

[theta]
sigma = 2.650014988466424
alpha2 = -0.013264926502652699
alpha1 = 1.469575974459887
alpha3 = -0.002808293940610671
alpha0 = 0.45534814773756227
