theta_history_length = 11
iteration = 10

[theta]
sigma = 2.75
alpha2 = -0.12729219492067276
alpha1 = 1.7873397088153529
alpha3 = 0.001894088856388905
alpha0 = 1.8430730410252858
