theta_history_length = 3
iteration = 2

[theta]
sigma = 1.2687719803181294
alpha2 = 0.0028348022427504495
alpha1 = 0.38837275900765894
alpha3 = -0.0005991583281185153
alpha0 = 0.21835309115763302
