theta_history_length = 8
iteration = 7

[theta]
sigma = 1.0671880122823283
alpha2 = 0.003829064598566067
alpha1 = 0.48792186831699574
alpha3 = -0.003355851614738188
alpha0 = -0.0016546135959199584
