primary_method_requested = "unet"
observable_residual_primary = 1.2835291526832395
primary_method = "unet"
convergence_metric_primary = 0.4367728176829344
iteration = 10
inactive_methods = []
theta_primary = [1.23724799949715, 1.3168894920914183, -0.082520088902844, 0.0026431538092424565, 2.5480793628736222]

[per_method.unet]
relative_step = 0.4367728176829344
observable_residual = 1.2835291526832395
observable_residual_unweighted = 1.2835291526832395
train_data_path = "/home/ludogio/Documents/JuliaProjects/ScoreUNet1D.jl/scripts/arnold/runs_calibration/run_030/method_unet/iter_010/data/train_stochastic.hdf5"
gfdt_data_path = "/home/ludogio/Documents/JuliaProjects/ScoreUNet1D.jl/scripts/arnold/runs_calibration/run_030/method_unet/iter_010/data/gfdt_stochastic.hdf5"
jacobian_cond_active_free = 766573.0530775565
checkpoint_path = "/home/ludogio/Documents/JuliaProjects/ScoreUNet1D.jl/scripts/arnold/runs_calibration/run_030/method_unet/iter_010/model/final_checkpoint.bson"
theta_before = [1.073193009904601, 1.4075908530818078, -0.04179571283753561, -0.0020595602872223026, 1.1967991621628602]
theta_proposed = [1.23724799949715, 1.3168894920914183, -0.082520088902844, 0.0026431538092424565, 2.5480793628736222]
delta_theta = [-0.16405498959254888, 0.09070136099038958, 0.04072437606530839, -0.004702714096464759, -1.351280200710762]

    [per_method.unet.newton]
    raw_cond = 1.4686283784772055e10
    raw_rhs_norm = 79.07046322823093
    weight_matrix_mode = "identity"
    residual_before = 1.0479504367720809
    stability_accepted = true
    line_search_accepted = true
    free_parameters = [1, 2, 3, 4, 5]
    line_search_scale = 0.5
    applied_step = [-0.16405498959254888, 0.09070136099038958, 0.04072437606530839, -0.004702714096464759, -1.351280200710762]
    residual_before_unweighted = 1.0479504367720809
    residual_after = 0.8397460634865508
    line_search_used = true
    stability_checked = true
    active_observables = [1, 2, 3, 4, 5]
    correction_full = [-0.32810997918509777, 0.18140272198077917, 0.08144875213061678, -0.009405428192929518, -2.702560401421524]
