theta_history_length = 2
iteration = 1

[theta]
sigma = 2.75
alpha2 = -0.01224
alpha1 = 1.43
alpha3 = -0.002115
alpha0 = 0.3751
