theta_history_length = 19
iteration = 18

[theta]
sigma = 1.2512301974536713
alpha2 = -0.017482851158410067
alpha1 = 0.42689274902510177
alpha3 = 0.0004328800067977351
alpha0 = 0.047658425203932
