theta_history_length = 25
iteration = 24

[theta]
sigma = 1.1358014376183514
alpha2 = -0.034028585351771994
alpha1 = 0.6273402312481583
alpha3 = -0.0019813245365666496
alpha0 = 0.32035074635007654
