theta_history_length = 17
iteration = 16

[theta]
sigma = 1.441892522264194
alpha2 = -0.07333806592537973
alpha1 = 0.20873621045551516
alpha3 = 0.011372666507450101
alpha0 = 0.321458472077098
