theta_history_length = 9
iteration = 8

[theta]
sigma = 1.0306501698049875
alpha2 = 0.02670948056258065
alpha1 = 0.43304479911800553
alpha3 = -0.0043830284975100815
alpha0 = -0.2631020316625672
