theta_history_length = 3
iteration = 2

[theta]
sigma = 0.9502369195858015
alpha2 = 0.004836809316889372
alpha1 = 0.3439263111995816
alpha3 = -0.00034482868994465093
alpha0 = -0.1651648526924387
