theta_history_length = 6
iteration = 5

[theta]
sigma = 1.134053177775254
alpha2 = -0.0020946202028566995
alpha1 = 0.38712775703793645
alpha3 = -0.0007096632810082794
alpha0 = 0.019803349458607657
