theta_history_length = 4
iteration = 3

[theta]
sigma = 1.0485511420359335
alpha2 = -0.00011197755387553222
alpha1 = 0.37984484604856183
alpha3 = -0.0010519450814836678
alpha0 = 0.40981873678321556
