primary_method_requested = "unet"
observable_residual_primary = 1.852539149233038
primary_method = "unet"
convergence_metric_primary = 0.0
iteration = 27
inactive_methods = []
theta_primary = [4.162477259921841, 1.6941791624625757, -0.24804307367310557, 0.009442964283740207, 0.7807933402953435]

[per_method.unet]
relative_step = 0.0
observable_residual = 1.852539149233038
observable_residual_unweighted = 1.852539149233038
train_data_path = "/home/ludogio/Documents/JuliaProjects/ScoreUNet1D.jl/scripts/arnold/runs_calibration/run_030/method_unet/iter_027/data/train_stochastic.hdf5"
gfdt_data_path = "/home/ludogio/Documents/JuliaProjects/ScoreUNet1D.jl/scripts/arnold/runs_calibration/run_030/method_unet/iter_027/data/gfdt_stochastic.hdf5"
jacobian_cond_active_free = 396927.7035412296
checkpoint_path = "/home/ludogio/Documents/JuliaProjects/ScoreUNet1D.jl/scripts/arnold/runs_calibration/run_030/method_unet/iter_027/model/final_checkpoint.bson"
theta_before = [4.162477259921841, 1.6941791624625757, -0.24804307367310557, 0.009442964283740207, 0.7807933402953435]
theta_proposed = [4.162477259921841, 1.6941791624625757, -0.24804307367310557, 0.009442964283740207, 0.7807933402953435]
delta_theta = [0.0, 0.0, 0.0, 0.0, 0.0]

    [per_method.unet.newton]
    raw_cond = 1.0994005473223614e10
    raw_rhs_norm = 3229.0731630329797
    weight_matrix_mode = "identity"
    residual_before = 1.7027448325789238
    stability_accepted = false
    line_search_accepted = false
    free_parameters = [1, 2, 3, 4, 5]
    line_search_scale = 0.0
    applied_step = [0.0, 0.0, 0.0, 0.0, 0.0]
    residual_before_unweighted = 1.7027448325789238
    residual_after = 1.7027448325789238
    line_search_used = true
    stability_checked = false
    active_observables = [1, 2, 3, 4, 5]
    correction_full = [0.23256348518251782, 0.1680029652595695, -0.0604097771350752, 0.0038893643426880327, 0.6077812566337977]
