theta_history_length = 10
iteration = 9

[theta]
sigma = 1.8785037786473429
alpha2 = -0.12299530872347658
alpha1 = 1.6449362407474855
alpha3 = 0.0024947861340271736
alpha0 = 1.8587241869642843
