theta_history_length = 3
iteration = 2

[theta]
sigma = 1.1012263579538153
alpha2 = -0.01201253877087247
alpha1 = 0.47934929380547403
alpha3 = -0.0020680770299881493
alpha0 = 0.24103193149300078
