theta_history_length = 4
iteration = 3

[theta]
sigma = 1.006123952728648
alpha2 = 0.043262301565109657
alpha1 = 0.26563475251016555
alpha3 = -0.0030537065242407313
alpha0 = -0.40529665488681893
