theta_history_length = 21
iteration = 20

[theta]
sigma = 0.9517177961125396
alpha2 = -0.07656452935239846
alpha1 = 0.42188126426657896
alpha3 = 0.006719994260120536
alpha0 = 0.41254267383360305
