theta_history_length = 5
iteration = 4

[theta]
sigma = 1.0359301191171504
alpha2 = -0.008129430044376816
alpha1 = 0.3654328198408956
alpha3 = -3.9368930734420544e-5
alpha0 = 0.16256739729603353
