theta_history_length = 7
iteration = 6

[theta]
sigma = 1.1699499768838246
alpha2 = -0.005830655291030193
alpha1 = 0.3978152360924068
alpha3 = -0.00033206130070045296
alpha0 = 0.027471937651597972
