theta_history_length = 2
iteration = 1

[theta]
sigma = 2.70169608604284
alpha2 = -0.010694657730034238
alpha1 = 1.4376064399188446
alpha3 = -0.002445782753333358
alpha0 = 0.3737157308564399
