primary_method_requested = "unet"
observable_residual_primary = 2.0806136072354056
primary_method = "unet"
convergence_metric_primary = 0.0
iteration = 30
inactive_methods = []
theta_primary = [4.310651664455208, 1.6841838180221818, -0.23867556558988012, 0.00835973998094756, 0.35925425606286676]

[per_method.unet]
relative_step = 0.0
observable_residual = 2.0806136072354056
observable_residual_unweighted = 2.080613607235406
train_data_path = "/home/ludogio/Documents/JuliaProjects/ScoreUNet1D.jl/scripts/arnold/runs_calibration/run_030/method_unet/iter_030/data/train_stochastic.hdf5"
gfdt_data_path = "/home/ludogio/Documents/JuliaProjects/ScoreUNet1D.jl/scripts/arnold/runs_calibration/run_030/method_unet/iter_030/data/gfdt_stochastic.hdf5"
jacobian_cond_active_free = 102846.35224757074
checkpoint_path = "/home/ludogio/Documents/JuliaProjects/ScoreUNet1D.jl/scripts/arnold/runs_calibration/run_030/method_unet/iter_030/model/final_checkpoint.bson"
theta_before = [4.310651664455208, 1.6841838180221818, -0.23867556558988012, 0.00835973998094756, 0.35925425606286676]
theta_proposed = [4.310651664455208, 1.6841838180221818, -0.23867556558988012, 0.00835973998094756, 0.35925425606286676]
delta_theta = [0.0, 0.0, 0.0, 0.0, 0.0]

    [per_method.unet.newton]
    raw_cond = 8.206271294225568e9
    raw_rhs_norm = 7929.349530934052
    weight_matrix_mode = "identity"
    residual_before = 1.9814048256641343
    stability_accepted = false
    line_search_accepted = false
    free_parameters = [1, 2, 3, 4, 5]
    line_search_scale = 0.0
    applied_step = [0.0, 0.0, 0.0, 0.0, 0.0]
    residual_before_unweighted = 1.9814048256641343
    residual_after = 1.9814048256641343
    line_search_used = true
    stability_checked = false
    active_observables = [1, 2, 3, 4, 5]
    correction_full = [-1.0333487322296193, -0.11963634856906988, 0.08319619700545712, -0.004738128602462687, 0.8631252412783308]
