theta_history_length = 31
iteration = 30

[theta]
sigma = 0.35925425606286676
alpha2 = -0.23867556558988012
alpha1 = 1.6841838180221818
alpha3 = 0.00835973998094756
alpha0 = 4.310651664455208
