theta_history_length = 6
iteration = 5

[theta]
sigma = 0.9735889069996415
alpha2 = 0.02663105596097449
alpha1 = 0.47791920867920373
alpha3 = -0.005366929291722984
alpha0 = -0.21376466806386796
