theta_history_length = 16
iteration = 15

[theta]
sigma = 0.9714459629145011
alpha2 = -0.06913898201499896
alpha1 = 0.26742794021751065
alpha3 = 0.009222868094058163
alpha0 = 0.3579795539953997
