theta_history_length = 3
iteration = 2

[theta]
sigma = 2.409287254072586
alpha2 = -0.05360643620485425
alpha1 = 1.520099117063556
alpha3 = -0.0013685527852199699
alpha0 = 0.9603826549470305
