theta_history_length = 21
iteration = 20

[theta]
sigma = 1.2634986098745589
alpha2 = -0.01560682569189043
alpha1 = 0.4307812802230446
alpha3 = 0.00013901583343346198
alpha0 = 0.055324046821727854
