theta_history_length = 4
iteration = 3

[theta]
sigma = 1.1322327988265328
alpha2 = 0.00433022715804159
alpha1 = 0.3542814224123562
alpha3 = -0.0007840955152723472
alpha0 = 0.2776022436590707
