theta_history_length = 6
iteration = 5

[theta]
sigma = 1.0359301191171504
alpha2 = 0.0015156696590648338
alpha1 = 0.3384052349731337
alpha3 = -0.0006655722119023661
alpha0 = 0.21224247160074913
