theta_history_length = 5
iteration = 4

[theta]
sigma = 1.1548996457611989
alpha2 = 0.004460147500680197
alpha1 = 0.3665547278218407
alpha3 = -0.0006093795932709657
alpha0 = 0.24243335043206332
