theta_history_length = 16
iteration = 15

[theta]
sigma = 1.09256586049563
alpha2 = -0.04628862348883643
alpha1 = 0.43816701455283213
alpha3 = 0.0033395871754384942
alpha0 = 0.18206240653032785
