theta_history_length = 6
iteration = 5

[theta]
sigma = 1.2414160331981101
alpha2 = 0.004788982339782812
alpha1 = 0.3697977097022619
alpha3 = -0.0005797302628446756
alpha0 = 0.21858295155798196
