theta_history_length = 22
iteration = 21

[theta]
sigma = 0.9924133096507759
alpha2 = -0.07248064880241774
alpha1 = 0.44632817856485035
alpha3 = 0.005836010309816732
alpha0 = 0.38290507405475016
