theta_history_length = 18
iteration = 17

[theta]
sigma = 1.1809540144264272
alpha2 = -0.018336021265060506
alpha1 = 0.4487949206746026
alpha3 = 0.0002989826775512103
alpha0 = 0.009907664294748389
