theta_history_length = 17
iteration = 16

[theta]
sigma = 1.2841497758347107
alpha2 = -0.015646921453256798
alpha1 = 0.41892684262887275
alpha3 = 0.0004752098085997696
alpha0 = 0.04815148484180819
