primary_method_requested = "unet"
observable_residual_primary = 1.1160678413540153
primary_method = "unet"
convergence_metric_primary = 0.0
iteration = 11
inactive_methods = []
theta_primary = [1.23724799949715, 1.3168894920914183, -0.082520088902844, 0.0026431538092424565, 2.5480793628736222]

[per_method.unet]
relative_step = 0.0
observable_residual = 1.1160678413540153
observable_residual_unweighted = 1.1160678413540153
train_data_path = "/home/ludogio/Documents/JuliaProjects/ScoreUNet1D.jl/scripts/arnold/runs_calibration/run_030/method_unet/iter_011/data/train_stochastic.hdf5"
gfdt_data_path = "/home/ludogio/Documents/JuliaProjects/ScoreUNet1D.jl/scripts/arnold/runs_calibration/run_030/method_unet/iter_011/data/gfdt_stochastic.hdf5"
jacobian_cond_active_free = 187297.24378786323
checkpoint_path = "/home/ludogio/Documents/JuliaProjects/ScoreUNet1D.jl/scripts/arnold/runs_calibration/run_030/method_unet/iter_011/model/final_checkpoint.bson"
theta_before = [1.23724799949715, 1.3168894920914183, -0.082520088902844, 0.0026431538092424565, 2.5480793628736222]
theta_proposed = [1.23724799949715, 1.3168894920914183, -0.082520088902844, 0.0026431538092424565, 2.5480793628736222]
delta_theta = [0.0, 0.0, 0.0, 0.0, 0.0]

    [per_method.unet.newton]
    raw_cond = 4.742667492527234e9
    raw_rhs_norm = 1764.667145559792
    weight_matrix_mode = "identity"
    residual_before = 1.1879727402291684
    stability_accepted = false
    line_search_accepted = false
    free_parameters = [1, 2, 3, 4, 5]
    line_search_scale = 0.0
    applied_step = [0.0, 0.0, 0.0, 0.0, 0.0]
    residual_before_unweighted = 1.1879727402291684
    residual_after = 1.1879727402291684
    line_search_used = true
    stability_checked = false
    active_observables = [1, 2, 3, 4, 5]
    correction_full = [-3.235813328903392, 0.4428328982230424, 0.3648716033301084, -0.037383271566319674, -6.541436265096022]
