theta_history_length = 5
iteration = 4

[theta]
sigma = 0.8700372444260438
alpha2 = 0.014383291950904728
alpha1 = 0.5021542208776244
alpha3 = -0.005168076128192656
alpha0 = 0.10927343896598488
