theta_history_length = 12
iteration = 11

[theta]
sigma = 0.9918130835422198
alpha2 = 0.007964925160156637
alpha1 = 0.29264514538965347
alpha3 = 0.0003028266039543947
alpha0 = -0.1240967642878813
