theta_history_length = 9
iteration = 8

[theta]
sigma = 1.1967991621628602
alpha2 = -0.04179571283753561
alpha1 = 1.4075908530818078
alpha3 = -0.0020595602872223026
alpha0 = 1.073193009904601
